76  -53.0262473396  -61.6911595781   48.6936406915 
26   61.7439457235    4.4931316853   66.6505766082 
64   13.7872722090   39.7291410751  -20.3421953157 
82   -0.8537300777   47.5143045285  -23.3791817008 
71   35.6188876842   -7.5284137418   82.1115787440 
28  -32.2393305018   64.0734816933   59.3541486227 
9  -34.7416649889   51.3185757531  -20.6607557381 
79  -46.9976075287  -22.0050864969   12.2437603310 
4  -31.6211136182  -47.6511971461    3.6819042918 
3   48.5827553708   -2.9536038532  -55.7864055961 
63  -74.8781676397  -15.0765127986   28.2411167406 
81   19.1310328104  -38.4330374733  -24.6480041737 
17  -84.3088817953  -13.2696052813  -61.5374963419 
31  -53.5715861149   30.0201465651   70.9384841226 
34   75.3017320391  -13.5473845424   20.5211708146 
8   62.7194767770  -29.7848348472   19.6533732490 
95   41.1383173110   72.5116806079   -2.9440536508 
87   66.5647377868  -25.1949148350  -54.2757079590 
5   70.8567181329   25.7152989909  -74.4695381999 
39  -10.4757799075  -44.7518291356   -5.7762261160 
99   18.9856103008   -5.5178754096  -27.8613869271 
51  -35.0751496234  -16.1735368423   45.9768265296 
56   13.4446040035   70.2308196325   41.4700885666 
60   75.9042465480   58.8498430755  -76.5818032008 
22  -45.7387186850   33.1273247643   68.8844410813 
46    2.9878217054   44.5166412478  -18.6090033240 
66   54.0406528412  -32.6481132944   13.1746564661 
47  -12.7522898402   -5.6429814031  -27.2884199703 
80  -56.4924098032  -42.9269207053  -56.7827286384 
27   61.2365199618  -31.1243589459  -55.3324554864 
44   43.7738633069   -7.6897269095  -16.0966646847 
90   35.6762946634   18.1963499114    5.0445626845 
73  -10.4103267129   10.6719791670  -46.2617566363 
97   21.2038254332   68.6583128970   57.8307332257 
54   -7.9071317878   58.3049191632   73.4662477530 
89  -50.9535817239   47.1279223420   60.7408981767 
62  -25.3326943619   63.1540974393   72.5055955576 
36   36.0812840413  -73.4488167595  -17.3359786884 
98    2.1749218831   58.1210403613  -26.5144125250 
58  -57.3294838499    3.9712789638   43.3349002983 
52   16.2373320564  -71.6782554697    0.9906448278 
88  -57.9598519431   22.9192301378   63.0404226285 
12    6.9244921417  -36.8942013360   61.4418115722 
19  -54.8612813775   23.4054577946   12.1514983668 
14  -64.2145913215  -10.3819901083   67.6776877694 
37   58.8645233049  -50.4929341496   34.7456598566 
33   -7.7861553923  -30.3097128901    2.2769646778 
67  -25.4240858268  -40.2994016262  -70.3613649902 
32   -1.6941994910   30.6279665227   59.0239725400 
68  -23.7701530115   45.8988446826  -55.4160915665 
48   24.0490496143   19.4032069552  -58.4939527237 
93  -65.6324286162  -10.0482082258   -1.1916514704 
86  -20.8290925003  -56.3196677816  -58.2489121218 
23  -53.6090558401   -4.6760934113  -72.1044223543 
43  -43.1616662298    9.8246928011   51.2769567186 
7  -73.2244988875   44.6161189293   76.6536320358 
59    8.6913025913   59.9059162521  -29.0380950354 
55    9.9308726173  -36.5640136984  -16.1752874860 
15  -46.1881920675    5.8731619129   64.0518978406 
10    2.9502224255   48.2215170181  -36.2886005882 
41   27.8362029243   59.1513660377   64.2847469269 
84   23.1914887126   54.2418156894    0.3202477025 
72  -66.1201470527   61.0909093488  -17.4499999251 
45   71.7966510272  -32.7007181909  -20.6525795458 
20   64.2746287063  -11.3530982046   -2.1615409995 
25   11.6631804932  -48.4679800921   27.0818374889 
75   17.8342572530    9.6059027730  -16.8490508838 
57  -22.1151788994  -51.2788189345  -55.8356327460 
29  -44.1952071064   66.6562147056   26.9381318329 
78    3.4363107576  -67.4781621583  -60.8812592715 
42  -66.0002014846   23.2194956326   65.7764695956 
6  -15.7123861445   55.6763325445    8.7216019206 
77  -75.5419606376    7.1967600367  -52.5381708147 
49    6.8210061161  -41.0083199588   64.7957611131 
2  -73.7212346481   37.2048922796  -46.1793944914 
96   23.4227847166    7.0208346028   51.2149337303 
16  -55.0874927030  -24.7428894758  -26.5604823925 
85  -70.6177268310   42.0306976291   49.5619294457 
70   28.1355716973   57.2137207837  -25.6422075371 
18   14.6626217414   51.0777740480    8.5522114812 
24    8.5500813096  -77.7977152988   -4.3227320240 
30  -45.2898930183  -23.6818666392  -65.0907873095 
11   -2.2902634487   30.3009861706   36.9684439776 
50   28.6715264151  -24.1312444790  -13.5406975862 
13  -45.1527940363   38.5006076088   39.0877784286 
69    7.6897019801  -44.2319192646  -36.0810027921 
92   -7.2460265010   56.3458969075   55.4222408653 
74   -2.3584792514   59.4579880038   58.1164034528 
53  -41.0754069486  -55.5612189045   23.1381961859 
38   13.7316235569    7.1438441410    6.3141240186 
61    8.6030697758   32.4303871804   17.8435400631 
35  -70.9844781554   58.2798343918   71.3778398550 
1   70.1935921548    6.7670612998   11.7831420234 
100   29.9088889269   67.0078715427   26.4295072285 
83   47.8880555118  -71.6495446000   14.2389198792 
40   40.6354471730   35.8738213318  -10.7096950304 
65    6.1988552697    9.0782912215   33.5660639775 
21   15.4659594337   67.3821052255  -19.6995660651 
94  -19.0808335039  -44.0062305694  -26.7395385252 
91   47.0463890364   24.2205496633  -20.3632978324 
1 2 5    0.0000746523   -0.0000372021    0.0000705534 
1 2 6    0.0001168669   -0.0000569720    0.0001106478 
1 3 5    0.0009078057   -0.0010799104    0.0008504823 
1 3 6    0.0014160425   -0.0016485462    0.0013247182 
1 6 16    0.0000014977   -0.0000007677   -0.0000085816 
1 6 17   -0.0000013559   -0.0000141919   -0.0000902178 
1 7 16    0.0000462151   -0.0000926349   -0.0003780558 
1 7 17   -0.0002680708   -0.0018425666   -0.0041043522 
1 12 6   -0.0002867529   -0.0005324234    0.0001940665 
1 12 7   -0.0010226149   -0.0019079557    0.0007013906 
1 13 6   -0.0000336098   -0.0000579728    0.0000154309 
1 13 7   -0.0001195485   -0.0002072769    0.0000556505 
1 15 20    0.0000328078   -0.0000709983   -0.0000592194 
1 15 21    0.0000013037   -0.0000030272   -0.0000026604 
1 16 20    0.0001111865   -0.0002759255   -0.0002341736 
1 16 21    0.0000044236   -0.0000116913   -0.0000104438 
2 2 5    0.0000471524   -0.0000248353    0.0000447052 
2 2 6    0.0000738026   -0.0000380265    0.0000700763 
2 3 5    0.0005764228   -0.0007376300    0.0005421978 
2 3 6    0.0008988088   -0.0011257260    0.0008440030 
2 6 16    0.0000003397   -0.0000000741   -0.0000010980 
2 6 17    0.0000014716   -0.0000005222   -0.0000112039 
2 7 6   -0.0000419129   -0.0002741875   -0.0000757391 
2 7 7   -0.0000165473   -0.0002415008   -0.0000711840 
2 7 16    0.0000124821   -0.0000064704   -0.0000476264 
2 7 17    0.0000384380   -0.0000922795   -0.0004928874 
2 8 6    0.0000173287   -0.0006212616   -0.0001849822 
2 8 7    0.0000587818   -0.0005537514   -0.0001715835 
2 9 11   -0.0001197826   -0.0000319493   -0.0000072144 
2 9 12   -0.0000790049   -0.0000285320   -0.0000070573 
2 10 11   -0.0001651024   -0.0000460752   -0.0000105910 
2 10 12   -0.0001089393   -0.0000406515   -0.0000101506 
2 12 6   -0.0003987166   -0.0007264032    0.0002553696 
2 12 7   -0.0014214210   -0.0026023153    0.0009227762 
2 13 6   -0.0000469474   -0.0000794615    0.0000202614 
2 13 7   -0.0001669524   -0.0002840388    0.0000730493 
2 15 20    0.0001543506   -0.0003752078   -0.0003285357 
2 15 21    0.0000061142   -0.0000159569   -0.0000146880 
2 16 19   -0.0013507565   -0.0000842904   -0.0006808674 
2 16 20    0.0002993852   -0.0014667854   -0.0014081189 
2 16 21    0.0000205465   -0.0000614812   -0.0000575411 
2 17 19   -0.0020873327   -0.0001487409   -0.0010553301 
2 17 20   -0.0003382313   -0.0000225268   -0.0001746358 
2 20 12    0.0015569543    0.0018428713    0.0010971417 
2 20 13    0.0003566756    0.0005545290    0.0002501199 
2 20 15   -0.0007154419    0.0003504070    0.0006235558 
2 20 16   -0.0001439596    0.0000505172    0.0000883718 
2 21 12    0.0003565391    0.0003505782    0.0002433620 
2 21 13    0.0000825090    0.0001027968    0.0000569685 
2 21 15   -0.0018325738    0.0008068977    0.0014655911 
2 21 16   -0.0003688443    0.0001160899    0.0002072369 
3 3 4    0.0000309297    0.0000012629    0.0000184919 
3 3 5    0.0001229103   -0.0000328792    0.0000864235 
3 4 4    0.0001711106   -0.0000085169    0.0001086108 
3 4 5    0.0006825953   -0.0002463090    0.0005062650 
3 7 6   -0.0001785009   -0.0010090269   -0.0002787043 
3 7 7   -0.0000815694   -0.0008875332   -0.0002620141 
3 8 6    0.0000126995   -0.0022797146   -0.0006808462 
3 8 7    0.0001722426   -0.0020294027   -0.0006315555 
3 9 11   -0.0009191901   -0.0002706570   -0.0000458019 
3 9 12   -0.0006056029   -0.0002340092   -0.0000491382 
3 10 11   -0.0012670502   -0.0003882481   -0.0000680875 
3 10 12   -0.0008351198   -0.0003324404   -0.0000709646 
3 12 5   -0.0000611983    0.0000432390    0.0000435122 
3 12 6   -0.0000725161    0.0000503137    0.0000484232 
3 13 5   -0.0000546822    0.0000380442    0.0000375388 
3 13 6   -0.0000648900    0.0000442653    0.0000416075 
3 15 16    0.0003879279    0.0004715345   -0.0002969371 
3 15 17    0.0002787737    0.0003058735   -0.0002108550 
3 16 16    0.0002501888    0.0002696559   -0.0001887193 
3 16 17    0.0001798938    0.0001728291   -0.0001340991 
3 16 19   -0.0000365210    0.0000002707   -0.0000182775 
3 16 20   -0.0000059213    0.0000000642   -0.0000030259 
3 17 19   -0.0000564265   -0.0000000499   -0.0000283233 
3 17 20   -0.0000091436    0.0000000288   -0.0000046894 
3 19 14   -0.0009297432    0.0002079113   -0.0006891009 
3 19 15   -0.0011122941    0.0002443367   -0.0008430803 
3 20 6   -0.0000334965   -0.0002656396    0.0000583665 
3 20 7   -0.0000827262   -0.0006943281    0.0001472300 
3 20 12    0.0004004314    0.0004962255    0.0002872532 
3 20 13    0.0000911555    0.0001496331    0.0000651137 
3 20 14   -0.0011679253    0.0002611264   -0.0008235161 
3 20 15   -0.0015617568    0.0003722515   -0.0008918427 
3 20 16   -0.0000329924    0.0000094107    0.0000165598 
3 21 6   -0.0000065298   -0.0000749898    0.0000150790 
3 21 7   -0.0000158500   -0.0001962231    0.0000380557 
3 21 12    0.0000920492    0.0000942430    0.0000638865 
3 21 13    0.0000211962    0.0000277006    0.0000148956 
3 21 15   -0.0004197756    0.0001502916    0.0002761880 
3 21 16   -0.0000845108    0.0000215714    0.0000387757 
4 3 4    0.0000051115    0.0000007473    0.0000030031 
4 3 5    0.0000204850   -0.0000039096    0.0000142759 
4 4 4    0.0000281918    0.0000014591    0.0000176683 
4 4 5    0.0001134879   -0.0000327720    0.0000837245 
4 6 19    0.0000357185    0.0000180362    0.0000258070 
4 6 20    0.0000180621    0.0000090963    0.0000117846 
4 7 19    0.0000446513    0.0000221967    0.0000351537 
4 7 20    0.0000230114    0.0000113404    0.0000168906 
4 9 5    0.0003908453   -0.0001222643   -0.0003962685 
4 9 6    0.0000506101   -0.0000169853   -0.0000762060 
4 10 5    0.0003067566   -0.0000979479   -0.0002766340 
4 10 6    0.0000397770   -0.0000129024   -0.0000516247 
4 12 5   -0.0012076996    0.0006646344    0.0003064131 
4 12 6   -0.0014704598    0.0007758775    0.0002739046 
4 13 5   -0.0010969922    0.0005850220    0.0002345954 
4 13 6   -0.0013382968    0.0006828803    0.0001952654 
4 15 13    0.0000702331   -0.0000041698   -0.0000049182 
4 15 14    0.0001970969   -0.0000086715   -0.0000175745 
4 15 16    0.0001808096    0.0002486249   -0.0001446032 
4 15 17    0.0001300069    0.0001625194   -0.0001025523 
4 16 3    0.0005050272    0.0005942129   -0.0000265409 
4 16 4    0.0013717460    0.0015921847   -0.0001531438 
4 16 13    0.0001612329   -0.0000175366   -0.0000098756 
4 16 14    0.0004526429   -0.0000417365   -0.0000365782 
4 16 16    0.0001165799    0.0001437446   -0.0000918150 
4 16 17    0.0000838667    0.0000930637   -0.0000651594 
4 17 3    0.0000308946    0.0000327078   -0.0000100930 
4 17 4    0.0000847756    0.0000885185   -0.0000326514 
4 18 4    0.0001264811    0.0000107999   -0.0001910233 
4 18 5    0.0001360944    0.0000241113   -0.0001703612 
4 19 4    0.0000758228   -0.0000016433   -0.0001421313 
4 19 5    0.0000843688    0.0000074897   -0.0001233899 
4 19 14   -0.0001500515    0.0000298852   -0.0001175426 
4 19 15   -0.0001792901    0.0000350474   -0.0001432179 
4 20 6   -0.0001335419   -0.0011191073    0.0002425588 
4 20 7   -0.0003293205   -0.0029260655    0.0006123229 
4 20 14   -0.0001888484    0.0000375727   -0.0001413705 
4 20 15   -0.0002257196    0.0000440526   -0.0001724855 
4 21 6   -0.0000257395   -0.0003164327    0.0000629188 
4 21 7   -0.0000622952   -0.0008282483    0.0001589448 
5 5 7    0.0000114182    0.0000006788   -0.0000030027 
5 5 8    0.0000222237   -0.0000010518   -0.0000055143 
5 6 7    0.0000110339   -0.0000013046   -0.0000024885 
5 6 8    0.0000213730   -0.0000053401   -0.0000044341 
5 6 19    0.0003924845    0.0002149398    0.0003831866 
5 6 20    0.0002077215    0.0001135786    0.0001973053 
5 7 19    0.0004763030    0.0002579386    0.0004862841 
5 7 20    0.0002546390    0.0001371356    0.0002545671 
5 9 5    0.0006945018   -0.0002266995   -0.0007698818 
5 9 6    0.0000894577   -0.0000326913   -0.0001495502 
5 9 7   -0.0004810913   -0.0005800982   -0.0004896838 
5 9 8   -0.0004586476   -0.0005599168   -0.0004660798 
5 10 5    0.0005456276   -0.0001795730   -0.0005341274 
5 10 6    0.0000704569   -0.0000244873   -0.0001010269 
5 10 7   -0.0002843012   -0.0003149669   -0.0002913388 
5 10 8   -0.0002711828   -0.0003043699   -0.0002770832 
5 15 13    0.0000924981   -0.0000067270   -0.0000075966 
5 15 14    0.0002596254   -0.0000147493   -0.0000263858 
5 16 3    0.0000691638    0.0000842186    0.0000025525 
5 16 4    0.0001874578    0.0002251888   -0.0000043329 
5 16 13    0.0002121110   -0.0000263780   -0.0000156182 
5 16 14    0.0005955972   -0.0000638354   -0.0000557359 
5 17 3    0.0000041182    0.0000045485   -0.0000009677 
5 17 4    0.0000112841    0.0000122835   -0.0000033529 
5 18 4    0.0003143546   -0.0000016701   -0.0007220569 
5 18 5   -0.0000982648    0.0009216554    0.0003760074 
5 18 6   -0.0001819201    0.0003593972    0.0004081220 
5 18 16    0.0003466419    0.0000386025   -0.0004051058 
5 18 17    0.0000201090   -0.0000019189   -0.0000039280 
5 18 18    0.0002637117    0.0001920411    0.0005632844 
5 19 4    0.0001721887   -0.0000296019   -0.0005532871 
5 19 5   -0.0006270313    0.0015208890    0.0012519245 
5 19 6   -0.0003331688    0.0006198875    0.0007020592 
5 19 16    0.0000178592    0.0000016047   -0.0000208296 
5 19 17    0.0000010556   -0.0000001246   -0.0000001955 
5 19 18    0.0000139597    0.0000087168    0.0000291141 
6 1 11   -0.0025187513    0.0026165494    0.0003100684 
6 1 12   -0.0014229084    0.0015879359    0.0001211185 
6 2 11   -0.0002142014    0.0000720085    0.0000952514 
6 2 12   -0.0001222667    0.0000433322    0.0000521889 
6 3 11   -0.0001432878    0.0005275648    0.0002333855 
6 3 12   -0.0000901753    0.0003320121    0.0001468764 
6 5 7    0.0000544384   -0.0002412153    0.0000645083 
6 5 8    0.0000967450   -0.0005420924    0.0001422760 
6 6 7    0.0000450755   -0.0002928216    0.0000774799 
6 6 8    0.0000767398   -0.0006526339    0.0001698240 
6 6 17    0.0007085414    0.0004148287   -0.0015200663 
6 6 18    0.0004061777    0.0002427454   -0.0009623277 
6 7 17    0.0007912864    0.0004398953   -0.0015116664 
6 7 18    0.0004519949    0.0002550771   -0.0009634380 
6 9 7   -0.0006342354   -0.0007200374   -0.0006418204 
6 9 8   -0.0006047702   -0.0006954597   -0.0006106386 
6 10 7   -0.0003743558   -0.0003901283   -0.0003827861 
6 10 8   -0.0003571516   -0.0003773073   -0.0003639170 
6 17 1   -0.0002347385   -0.0001810224    0.0007837809 
6 17 2   -0.0002552393   -0.0001908370    0.0008854299 
6 18 1   -0.0002983211   -0.0002544933    0.0009710123 
6 18 2   -0.0003254982   -0.0002709779    0.0010965779 
6 18 5   -0.0002735804    0.0005077096    0.0005719243 
6 18 6   -0.0001084228    0.0002070813    0.0002341993 
6 18 16    0.0015534960    0.0001704108   -0.0018814313 
6 18 17    0.0000842873   -0.0000067881   -0.0000330454 
6 18 18    0.0009017805    0.0007973451    0.0020171841 
6 19 5   -0.0004980784    0.0008771109    0.0009856789 
6 19 6   -0.0001979453    0.0003574344    0.0004032092 
6 19 16    0.0000801991    0.0000069560   -0.0000967471 
6 19 17    0.0000044179   -0.0000004599   -0.0000016756 
6 19 18    0.0000477423    0.0000366028    0.0001042269 
6 20 3   -0.0000552271   -0.0004746689    0.0004444910 
6 20 4   -0.0006113689   -0.0019179048    0.0018036082 
6 21 3    0.0000031455   -0.0000450135    0.0000411978 
6 21 4   -0.0000192772   -0.0001811640    0.0001645894 
7 1 11   -0.0001610627    0.0001666313    0.0000163007 
7 1 12   -0.0000911720    0.0001010434    0.0000057796 
7 2 11   -0.0000134339    0.0000046867    0.0000057377 
7 2 12   -0.0000076741    0.0000028175    0.0000031403 
7 3 11   -0.0000087743    0.0000323058    0.0000142915 
7 3 12   -0.0000055220    0.0000203310    0.0000089941 
7 5 4   -0.0006780770   -0.0011287802    0.0002255633 
7 5 5   -0.0006226157   -0.0010218815    0.0001978435 
7 6 4   -0.0004740298   -0.0007507920    0.0001329094 
7 6 5   -0.0004351191   -0.0006798383    0.0001158844 
7 6 17    0.0001003325    0.0000668083   -0.0002863919 
7 6 18    0.0000577970    0.0000397979   -0.0001793040 
7 7 17    0.0001120976    0.0000697413   -0.0002878276 
7 7 18    0.0000644102    0.0000412530   -0.0001808948 
7 9 19    0.0000674739    0.0006389832   -0.0006337372 
7 9 20    0.0001542232    0.0013157497   -0.0012385305 
7 10 18   -0.0016751879   -0.0003831189    0.0002035141 
7 10 19   -0.0008808523   -0.0000436037   -0.0000553476 
7 10 20    0.0000400139    0.0003217979   -0.0003003014 
7 11 18   -0.0001223393   -0.0000260853    0.0000083919 
7 11 19   -0.0000656167   -0.0000136312    0.0000038114 
7 13 19    0.0005946493   -0.0011783928   -0.0000942314 
7 13 20    0.0002419722   -0.0004799855   -0.0000374394 
7 14 19    0.0026966408   -0.0052398545   -0.0004653545 
7 14 20    0.0010969137   -0.0021326429   -0.0001849717 
7 17 1   -0.0000024044    0.0000040822    0.0000127475 
7 17 2   -0.0000023551    0.0000049170    0.0000145125 
7 18 1   -0.0000033628    0.0000044765    0.0000155564 
7 18 2   -0.0000033780    0.0000054161    0.0000177048 
7 20 3   -0.0000754586   -0.0004208074    0.0003934537 
7 20 4   -0.0006601865   -0.0017051040    0.0016046644 
7 21 3    0.0000005435   -0.0000398062    0.0000362925 
7 21 4   -0.0000269068   -0.0001606691    0.0001456959 
8 5 4   -0.0001886462   -0.0002718800    0.0000424449 
8 5 5   -0.0001730718   -0.0002461742    0.0000367086 
8 6 4   -0.0001320924   -0.0001833148    0.0000238929 
8 6 5   -0.0001211534   -0.0001660321    0.0000204296 
8 9 19    0.0000227014    0.0001522950   -0.0001233925 
8 9 20    0.0000485475    0.0003091923   -0.0002412771 
8 10 16   -0.0004153132   -0.0006644795   -0.0000140680 
8 10 17   -0.0000024902    0.0000036860    0.0000045565 
8 10 18   -0.0018463571    0.0011790484    0.0013848118 
8 10 19   -0.0009216024   -0.0001589329    0.0000507734 
8 10 20    0.0000123477    0.0000755939   -0.0000585929 
8 11 16   -0.0002102738   -0.0003400455   -0.0000095926 
8 11 17   -0.0000012605    0.0000019145    0.0000023341 
8 11 18   -0.0001877358    0.0007818815    0.0006329516 
8 11 19   -0.0000675842   -0.0000133946    0.0000026983 
8 13 19    0.0000650736   -0.0001331174   -0.0000108591 
8 13 20    0.0000264804   -0.0000542040   -0.0000043244 
8 14 9    0.0000837058    0.0014183189   -0.0013652816 
8 14 10    0.0000294448    0.0006594035   -0.0006734321 
8 14 18    0.0002388081   -0.0002482790    0.0000679522 
8 14 19    0.0004071775   -0.0007064373   -0.0000233962 
8 14 20    0.0001200390   -0.0002408299   -0.0000212635 
8 15 9    0.0000723201    0.0015177039   -0.0015884104 
8 15 10    0.0000235490    0.0007068541   -0.0007817508 
8 15 18    0.0007195461   -0.0007689993    0.0002234381 
8 15 19    0.0003380408   -0.0003548155    0.0000987805 
8 16 18    0.0000572737    0.0000088240   -0.0001732959 
8 16 19    0.0000183966    0.0000021309   -0.0000395329 
8 17 1    0.0001788324   -0.0002641619    0.0001063511 
8 17 2    0.0002000465   -0.0002954982    0.0001189670 
8 17 18    0.0000121580    0.0000020608   -0.0000452819 
8 17 19    0.0000041779    0.0000005182   -0.0000103291 
8 18 1    0.0002294218   -0.0003388899    0.0001364364 
8 18 2    0.0002566370   -0.0003790909    0.0001526212 
9 1 11    0.0003986674    0.0008638623   -0.0005811691 
9 1 12    0.0001001263    0.0002596219   -0.0001713689 
9 2 11    0.0002433557    0.0005171740   -0.0003489918 
9 2 12    0.0000612018    0.0001554955   -0.0001029317 
9 10 16   -0.0005731834   -0.0009339453   -0.0000452860 
9 10 17   -0.0000035043    0.0000058522    0.0000066573 
9 10 18   -0.0001965164    0.0024095956    0.0018276379 
9 11 16   -0.0002903340   -0.0004778875   -0.0000264385 
9 11 17   -0.0000017761    0.0000030407    0.0000034132 
9 11 18   -0.0001033796    0.0012515490    0.0009434993 
9 14 9    0.0000016686    0.0000534922   -0.0000482908 
9 14 10    0.0000004036    0.0000248399   -0.0000238580 
9 14 18    0.0003722915   -0.0003897634    0.0001047710 
9 14 19    0.0001743478   -0.0001798819    0.0000465563 
9 15 9    0.0000010431    0.0000571803   -0.0000562200 
9 15 10    0.0000000865    0.0000266004   -0.0000277057 
9 15 18    0.0011209052   -0.0012066353    0.0003452380 
9 15 19    0.0005254110   -0.0005570426    0.0001536271 
9 16 14    0.0000107598   -0.0000083598    0.0000016960 
9 16 15    0.0000668722   -0.0000497005    0.0000083443 
9 16 18    0.0000658271    0.0000806755   -0.0027586121 
9 16 19    0.0001109753    0.0000268388   -0.0006269478 
9 17 14    0.0000045216   -0.0000040486    0.0000010785 
9 17 15    0.0000280846   -0.0000240785    0.0000056401 
9 17 18   -0.0000304124    0.0000145076   -0.0007208891 
9 17 19    0.0000188980    0.0000058966   -0.0001637408 
10 1 11    0.0000190626    0.0002525188   -0.0001296719 
10 1 12    0.0000021594    0.0000754210   -0.0000383793 
10 2 4    0.0000771801   -0.0001313157   -0.0000416049 
10 2 5    0.0001277175   -0.0002229869   -0.0000695989 
10 2 11    0.0000120534    0.0001515018   -0.0000779069 
10 2 12    0.0000014574    0.0000452624   -0.0000230641 
10 3 4    0.0002213648   -0.0003940229   -0.0001178641 
10 3 5    0.0003664275   -0.0006672702   -0.0001973965 
10 8 10    0.0003421826   -0.0000131401   -0.0000187146 
10 8 11    0.0030324974   -0.0001851651   -0.0000721731 
10 8 14    0.0000365526   -0.0000562849   -0.0000392843 
10 8 15    0.0000544328   -0.0000829121   -0.0000594009 
10 9 10    0.0001798594   -0.0000096116   -0.0000046182 
10 9 11    0.0015970132   -0.0001224357    0.0000103826 
10 9 14    0.0003258891   -0.0006915227   -0.0004916437 
10 9 15    0.0004853788   -0.0010185517   -0.0007389641 
10 16 1    0.0009438955    0.0009481824   -0.0017134668 
10 16 2    0.0001013885    0.0000823197   -0.0001680631 
10 16 14    0.0002492130   -0.0002902448    0.0000729104 
10 16 15    0.0015471194   -0.0017198505    0.0003764166 
10 17 1    0.0001431554    0.0001117639   -0.0002190050 
10 17 2    0.0000142374    0.0000099032   -0.0000199894 
10 17 14    0.0001043667   -0.0001400337    0.0000382486 
10 17 15    0.0006472691   -0.0008294844    0.0002008328 
10 19 4    0.0000256662   -0.0000491577    0.0002260198 
10 19 5    0.0002869374   -0.0003387714    0.0015742039 
10 20 4    0.0000083476   -0.0000185399    0.0000850892 
10 20 5    0.0000987320   -0.0001278582    0.0005917962 
11 2 4    0.0001118122   -0.0001949007   -0.0000611125 
11 2 5    0.0001852016   -0.0003302704   -0.0001023514 
11 3 4    0.0006532280   -0.0006527174    0.0001499068 
11 3 5    0.0007122097   -0.0010329132   -0.0001054162 
11 3 13   -0.0002189039   -0.0001152158    0.0002177370 
11 3 14   -0.0000180597   -0.0000056007    0.0000137758 
11 4 4    0.0003515699   -0.0000861806    0.0003510477 
11 4 5    0.0001905336   -0.0000561025    0.0002009501 
11 4 13   -0.0014910559   -0.0009698525    0.0016205622 
11 4 14   -0.0001234422   -0.0000503252    0.0001022834 
11 7 8    0.0001102780    0.0002984108   -0.0004075110 
11 7 9    0.0000357598    0.0000654535   -0.0001303790 
11 8 5   -0.0001876448    0.0001547654   -0.0002610907 
11 8 6   -0.0008998435    0.0007609419   -0.0012983472 
11 8 8    0.0000145243    0.0000317988   -0.0000478963 
11 8 9    0.0000043809    0.0000070924   -0.0000153917 
11 8 10    0.0000359716   -0.0000048520    0.0000091304 
11 8 11    0.0003245199   -0.0000520888    0.0000947599 
11 8 14    0.0000136877   -0.0000251515   -0.0000175083 
11 8 15    0.0000203869   -0.0000370477   -0.0000263942 
11 9 5   -0.0001694696    0.0001240246   -0.0002096234 
11 9 6   -0.0008088531    0.0006092691   -0.0010459816 
11 9 10    0.0000191506   -0.0000029229    0.0000055478 
11 9 11    0.0001731737   -0.0000308347    0.0000568962 
11 9 14    0.0001191727   -0.0003079854   -0.0002161432 
11 9 15    0.0001775548   -0.0004536078   -0.0003242070 
11 16 1    0.0000217394    0.0000192445   -0.0000389094 
11 16 2    0.0000022839    0.0000017046   -0.0000036568 
11 17 1    0.0000032177    0.0000023196   -0.0000047736 
11 17 2    0.0000003165    0.0000002079   -0.0000004268 
11 19 4   -0.0000013309   -0.0000000160   -0.0000007195 
11 19 5   -0.0000191152    0.0000090904   -0.0000317914 
11 20 3   -0.0000828632   -0.0000287727    0.0000326862 
11 20 4   -0.0005362294   -0.0003475322    0.0003901949 
11 20 5   -0.0000064691    0.0000027371   -0.0000100549 
11 21 3   -0.0001926134   -0.0000876329    0.0000950772 
11 21 4   -0.0012084189   -0.0009998215    0.0011021263 
12 2 15    0.0001398552   -0.0002052278    0.0002959543 
12 2 16    0.0000377374   -0.0000576812    0.0000696336 
12 3 4    0.0001485225   -0.0000258027    0.0001475830 
12 3 5    0.0000809068   -0.0000181546    0.0000845711 
12 3 13   -0.0000844802   -0.0000552704    0.0000914729 
12 3 14   -0.0000069918   -0.0000028805    0.0000057639 
12 3 15    0.0000258870   -0.0000382076    0.0000549613 
12 3 16    0.0000069580   -0.0000107286    0.0000129013 
12 4 4    0.0001573198   -0.0000336114    0.0001603891 
12 4 5    0.0000854127   -0.0000226362    0.0000918601 
12 4 13   -0.0005742620   -0.0004554131    0.0006823240 
12 4 14   -0.0000477203   -0.0000247956    0.0000429280 
12 7 8    0.0003038377    0.0007964852   -0.0012256635 
12 7 9    0.0000898345    0.0001785141   -0.0003829011 
12 8 1    0.0000457472   -0.0002884776    0.0002548237 
12 8 2    0.0000074626   -0.0000592808    0.0000531802 
12 8 5   -0.0001164000    0.0000994813   -0.0001686011 
12 8 6   -0.0005598370    0.0004893512   -0.0008371151 
12 8 8    0.0000393568    0.0000853393   -0.0001442599 
12 8 9    0.0000109836    0.0000194218   -0.0000452026 
12 9 1    0.0000315051   -0.0001776588    0.0001546486 
12 9 2    0.0000053172   -0.0000364949    0.0000322517 
12 9 5   -0.0001044039    0.0000794185   -0.0001355998 
12 9 6   -0.0004999385    0.0003903689   -0.0006751969 
12 10 19    0.0002446680   -0.0001066862    0.0000009348 
12 10 20    0.0001946407   -0.0000942245   -0.0000248039 
12 11 13    0.0000040536    0.0000279471    0.0000480879 
12 11 14    0.0000015754    0.0000106070    0.0000179122 
12 11 19    0.0001113761   -0.0000569337   -0.0000233193 
12 11 20    0.0000879033   -0.0000504440   -0.0000327775 
12 12 7   -0.0001892183    0.0001148373   -0.0000065058 
12 12 8   -0.0000718544    0.0000456400   -0.0000046442 
12 12 13    0.0003151003    0.0004591497    0.0027278892 
12 12 14    0.0001200540    0.0001836932    0.0010133668 
12 13 7   -0.0004246826    0.0002581806   -0.0000163411 
12 13 8   -0.0001613039    0.0001027708   -0.0000112299 
12 16 6    0.0000483857    0.0000560869   -0.0000197397 
12 16 7    0.0000044327    0.0000026374   -0.0000016570 
12 16 9   -0.0000015809   -0.0000037616   -0.0000024778 
12 16 10   -0.0000438224   -0.0000502985   -0.0000431388 
12 17 6    0.0002482810    0.0002401060   -0.0000954865 
12 17 7    0.0000212878    0.0000115622   -0.0000079300 
12 17 9   -0.0000006487   -0.0000014384   -0.0000009452 
12 17 10   -0.0000177501   -0.0000193685   -0.0000165271 
12 19 1   -0.0005757851   -0.0012137455   -0.0004918729 
12 19 2   -0.0004983962   -0.0010491870   -0.0004052043 
12 19 4   -0.0000441760    0.0000574725   -0.0000227930 
12 19 5   -0.0008071144    0.0007862979   -0.0014716533 
12 20 1   -0.0005361051   -0.0011297813   -0.0005196939 
12 20 2   -0.0004641556   -0.0009761771   -0.0004303352 
12 20 3   -0.0000049017   -0.0000003729    0.0000003539 
12 20 4   -0.0000505964    0.0000125572    0.0000020889 
12 20 5   -0.0002672932    0.0002652790   -0.0004635068 
12 21 3   -0.0000116815   -0.0000016139    0.0000013391 
12 21 4   -0.0000845308   -0.0000245586    0.0000197875 
13 1 7   -0.0009146407    0.0007506212   -0.0012176647 
13 1 8   -0.0003439669    0.0003093495   -0.0004987635 
13 2 7   -0.0003260026    0.0002817011   -0.0004776842 
13 2 8   -0.0001223716    0.0001160501   -0.0001951621 
13 2 15    0.0009053531   -0.0012160515    0.0022509716 
13 2 16    0.0002427622   -0.0003503261    0.0005240880 
13 3 15    0.0001682440   -0.0002264518    0.0004190974 
13 3 16    0.0000449284   -0.0000651958    0.0000973630 
13 6 8    0.0012427702   -0.0001354407    0.0011908103 
13 6 9    0.0005232975   -0.0000918170    0.0004807572 
13 7 8    0.0000257299    0.0000124561    0.0000332008 
13 7 9    0.0000104444    0.0000040499    0.0000130532 
13 8 1    0.0000748331   -0.0010000877    0.0009276782 
13 8 2    0.0000082068   -0.0002057738    0.0001939317 
13 9 1    0.0000586763   -0.0006156696    0.0005625707 
13 9 2    0.0000077799   -0.0001266284    0.0001175250 
13 10 19    0.0006506913   -0.0003326637   -0.0001238920 
13 10 20    0.0005127803   -0.0002943454   -0.0001819400 
13 11 13    0.0000019500    0.0000124588    0.0000188983 
13 11 14    0.0000007554    0.0000047128    0.0000070469 
13 11 19    0.0002910201   -0.0001782194   -0.0001345324 
13 11 20    0.0002266876   -0.0001580858   -0.0001534003 
13 12 7   -0.0010068781    0.0005809796   -0.0000196543 
13 12 8   -0.0003824124    0.0002305600   -0.0000180923 
13 12 13    0.0001338985    0.0002951780    0.0010376351 
13 12 14    0.0000511038    0.0001144616    0.0003859398 
13 13 7   -0.0022600242    0.0013055319   -0.0000523649 
13 13 8   -0.0008585346    0.0005189188   -0.0000444617 
13 16 6    0.0004095041   -0.0000260180    0.0017432510 
13 16 7    0.0001959785   -0.0002457408    0.0012248037 
13 16 9   -0.0000538194   -0.0000364138   -0.0000282538 
13 16 10   -0.0012712653   -0.0005570520   -0.0005103453 
13 17 6    0.0011843250    0.0008306218    0.0020530504 
13 17 7    0.0003251809   -0.0003333695    0.0016443945 
13 17 9   -0.0000216574   -0.0000142095   -0.0000107630 
13 17 10   -0.0005096189   -0.0002210492   -0.0001943570 
13 18 5    0.0002443625    0.0001455998    0.0002053615 
13 18 6    0.0001788536    0.0000939604    0.0001357278 
13 19 1   -0.0001050872   -0.0002243693   -0.0001372580 
13 19 2   -0.0000909440   -0.0001934814   -0.0001145587 
13 19 5    0.0015455264    0.0009443035    0.0013276037 
13 19 6    0.0011225223    0.0006063319    0.0008734303 
13 20 1   -0.0000975470   -0.0002094808   -0.0001394869 
13 20 2   -0.0000843809   -0.0001804786   -0.0001166291 
13 20 18    0.0000484406    0.0000556066    0.0001937864 
13 20 19    0.0006180701    0.0009198400    0.0026644570 
13 20 20    0.0004111271    0.0007189245    0.0003058694 
13 21 18    0.0000133038    0.0000136961    0.0000507715 
13 21 19    0.0001868473    0.0002526459    0.0007046229 
13 21 20    0.0003064762    0.0005359248    0.0002280114 
14 1 7   -0.0004221869    0.0004577552   -0.0007816506 
14 1 8   -0.0001580506    0.0001863283   -0.0003158633 
14 2 7   -0.0001481499    0.0001708795   -0.0003052821 
14 2 8   -0.0000553048    0.0000695558   -0.0001231621 
14 3 18    0.0001428887   -0.0000889085    0.0002646073 
14 3 19   -0.0000063884    0.0000114143    0.0000406910 
14 4 18   -0.0000011211    0.0000110795    0.0000852873 
14 4 19   -0.0000045929    0.0000053297    0.0000117870 
14 5 1   -0.0000333775    0.0000027343   -0.0000769637 
14 5 2   -0.0000382535    0.0000030663   -0.0000895443 
14 6 1   -0.0000362001    0.0000025463   -0.0000804254 
14 6 2   -0.0000415265    0.0000028573   -0.0000935794 
14 6 8    0.0008597200   -0.0001321706    0.0008079311 
14 6 9    0.0003628409   -0.0000788894    0.0003269287 
14 7 8    0.0000174133    0.0000073552    0.0000221746 
14 7 9    0.0000070865    0.0000023153    0.0000087272 
14 9 12   -0.0000034124    0.0000053133    0.0000074436 
14 9 13   -0.0000039129    0.0000055119    0.0000075177 
14 9 17    0.0000104231   -0.0001379014   -0.0001682453 
14 9 18    0.0000072576   -0.0000362291    0.0000095450 
14 9 19    0.0000772291   -0.0008533971    0.0002963109 
14 10 12   -0.0000388588    0.0001315115    0.0002056883 
14 10 13   -0.0000528048    0.0001367710    0.0002074445 
14 10 17    0.0000299548   -0.0003963127   -0.0004835177 
14 10 18    0.0000223228   -0.0001111938    0.0000297062 
14 10 19    0.0002594855   -0.0026155479    0.0008869973 
14 11 11    0.0000415045   -0.0000005260    0.0000331649 
14 11 12    0.0000196249   -0.0000001537    0.0000153963 
14 12 11    0.0000111294   -0.0000001184    0.0000084138 
14 12 12    0.0000052578   -0.0000000298    0.0000039094 
14 16 6    0.0000536783   -0.0000821217    0.0003970016 
14 16 7    0.0000366867   -0.0000609615    0.0002673142 
14 17 6    0.0000704993   -0.0001253271    0.0005410342 
14 17 7    0.0000487138   -0.0000920265    0.0003654029 
14 18 5    0.0003075494    0.0001804264    0.0002552902 
14 18 6    0.0002257609    0.0001164233    0.0001688984 
14 19 5    0.0019435176    0.0011699191    0.0016498451 
14 19 6    0.0014157246    0.0007511104    0.0010864672 
14 20 18    0.0000344312    0.0000442603    0.0001464184 
14 20 19    0.0004150118    0.0006939909    0.0020103235 
14 20 20    0.0000971730    0.0000133404    0.0000075060 
14 21 18    0.0000095123    0.0000108093    0.0000382023 
14 21 19    0.0001189813    0.0001684365    0.0005202883 
14 21 20    0.0000717380    0.0000085948    0.0000058978 
15 3 18    0.0002413765   -0.0001381613    0.0005544547 
15 3 19   -0.0000175465    0.0000270373    0.0000845166 
15 4 18   -0.0000124309    0.0000310838    0.0001771512 
15 4 19   -0.0000102960    0.0000116194    0.0000243862 
15 5 1   -0.0002990127    0.0000196685   -0.0007120915 
15 5 2   -0.0003422869    0.0000201469   -0.0008267610 
15 6 1   -0.0003375924    0.0000170142   -0.0007764520 
15 6 2   -0.0003869834    0.0000172907   -0.0009022216 
15 9 12   -0.0000092677    0.0000285039    0.0000440204 
15 9 13   -0.0000121140    0.0000295997    0.0000443859 
15 9 17    0.0000042584   -0.0000563403   -0.0000687374 
15 9 18    0.0000031231   -0.0000160545    0.0000044100 
15 9 19    0.0000354433   -0.0003758470    0.0001298973 
15 10 12    0.0001093685    0.0006953690    0.0012234652 
15 10 13    0.0000288480    0.0007244044    0.0012316096 
15 10 17    0.0000122382   -0.0001619154   -0.0001975435 
15 10 18    0.0000096074   -0.0000492854    0.0000137124 
15 10 19    0.0001181362   -0.0011521427    0.0003895384 
15 11 11    0.0024453753    0.0007580007    0.0020759599 
15 11 12    0.0011564696    0.0003661521    0.0009754749 
15 12 1    0.0003874709   -0.0000913323   -0.0000526186 
15 12 2    0.0017226460   -0.0004131778   -0.0002372344 
15 12 11    0.0006523699    0.0002049633    0.0005407046 
15 12 12    0.0003083892    0.0000990342    0.0002543009 
15 13 1    0.0000008499    0.0000061036   -0.0000001357 
15 13 2    0.0000038162    0.0000276307   -0.0000011487 
15 14 1    0.0002187944    0.0000279209   -0.0002998376 
15 14 2    0.0009498135    0.0000690221   -0.0012220876 
15 15 1    0.0000127261    0.0000171012   -0.0000452598 
15 15 2    0.0000367476    0.0000587446   -0.0001463218 
15 16 2    0.0003718538   -0.0002682402   -0.0007515469 
15 16 3    0.0016165126   -0.0010693317   -0.0028963967 
15 17 2    0.0002725308   -0.0001932268   -0.0005314019 
15 17 3    0.0011839091   -0.0007772103   -0.0020553317 
15 20 7   -0.0011871495    0.0011090787   -0.0002048998 
15 20 8   -0.0019839497    0.0018406692   -0.0003971586 
15 20 19    0.0001056819   -0.0000005856    0.0000042162 
15 20 20    0.0018595751    0.0000698991    0.0000352447 
15 21 7   -0.0000785526    0.0000742085   -0.0000108926 
15 21 8   -0.0001308540    0.0001227209   -0.0000219136 
15 21 19    0.0000778903   -0.0000021996    0.0000039718 
15 21 20    0.0013708652    0.0000216996    0.0000388030 
16 1 1    0.0001772806    0.0007051686    0.0000317943 
16 1 2    0.0000025687    0.0000145286    0.0000016469 
16 2 1    0.0002917401    0.0011099616   -0.0000082948 
16 2 2    0.0000042987    0.0000226847    0.0000013674 
16 3 8    0.0001008663    0.0000323953   -0.0001169276 
16 3 9    0.0001451235    0.0000463864   -0.0001704965 
16 4 8    0.0005073433    0.0001729774   -0.0005740384 
16 4 9    0.0007292972    0.0002476738   -0.0008368858 
16 6 8   -0.0007736732    0.0008194176   -0.0002503510 
16 6 9   -0.0005897178    0.0005847529   -0.0002082696 
16 6 14    0.0000781514   -0.0000777011   -0.0000754838 
16 6 15    0.0000332906   -0.0000337312   -0.0000319694 
16 7 8   -0.0001808290    0.0002082006   -0.0000511283 
16 7 9   -0.0001381413    0.0001485112   -0.0000437424 
16 7 14    0.0006809446   -0.0007086925   -0.0006256744 
16 7 15    0.0002905065   -0.0003080545   -0.0002657373 
16 12 1    0.0002083554   -0.0000508651   -0.0000279740 
16 12 2    0.0009264266   -0.0002300582   -0.0001262352 
16 13 1   -0.0000001706    0.0000037680    0.0000003277 
16 13 2   -0.0000007443    0.0000170746    0.0000011237 
16 14 1    0.0003496916    0.0002066397   -0.0007551940 
16 14 2    0.0011813271    0.0007020689   -0.0025532107 
16 15 1    0.0000933660    0.0000749011   -0.0002465711 
16 15 2    0.0002726860    0.0002555468   -0.0007877944 
16 16 2    0.0001008309   -0.0000753379   -0.0002090187 
16 16 3    0.0004394262   -0.0002997291   -0.0008043633 
16 16 11   -0.0000035964   -0.0000312122   -0.0000063306 
16 16 12    0.0000372316   -0.0002479965   -0.0000871000 
16 17 2    0.0000739564   -0.0000542302   -0.0001477345 
16 17 3    0.0003220270   -0.0002176971   -0.0005705797 
16 17 5   -0.0002823094    0.0006905996    0.0010119232 
16 17 6   -0.0003896744    0.0009518330    0.0013767878 
16 17 11   -0.0000068251   -0.0000602326   -0.0000121742 
16 17 12    0.0000726806   -0.0004797137   -0.0001672659 
16 18 5   -0.0001394310    0.0003448955    0.0005056457 
16 18 6   -0.0001931767    0.0004756329    0.0006894151 
16 19 10    0.0013130248   -0.0007211209   -0.0001787068 
16 19 11    0.0022141177   -0.0012205269   -0.0003088154 
16 20 7   -0.0004653182    0.0004356548   -0.0000703935 
16 20 8   -0.0007766090    0.0007207372   -0.0001376592 
16 20 10    0.0000385547   -0.0000251484   -0.0000048200 
16 20 11    0.0000650726   -0.0000425660   -0.0000083787 
16 21 7   -0.0000308770    0.0000292591   -0.0000036083 
16 21 8   -0.0000513627    0.0000482429   -0.0000074100 
17 1 1    0.0002084203    0.0008383565   -0.0000006902 
17 1 2    0.0000030122    0.0000171679    0.0000011282 
17 2 1    0.0003435356    0.0013204254   -0.0000680696 
17 2 2    0.0000050498    0.0000268314    0.0000003741 
17 3 8    0.0000878253    0.0000274646   -0.0001027520 
17 3 9    0.0001263951    0.0000393283   -0.0001498315 
17 4 3   -0.0000168434   -0.0001659288    0.0000714164 
17 4 4   -0.0000672370   -0.0004042381    0.0002442367 
17 4 8    0.0004405803    0.0001463417   -0.0005033321 
17 4 9    0.0006334993    0.0002095324   -0.0007338389 
17 5 3    0.0000055557   -0.0001398728    0.0000034796 
17 5 4   -0.0000013862   -0.0003435759    0.0000487600 
17 6 8   -0.0007446172    0.0007485014   -0.0002556587 
17 6 9   -0.0005671320    0.0005341862   -0.0002102317 
17 6 14    0.0002537265   -0.0002540459   -0.0002526342 
17 6 15    0.0001080428   -0.0001102545   -0.0001069460 
17 7 8   -0.0001742233    0.0001901037   -0.0000533174 
17 7 9   -0.0001329730    0.0001356106   -0.0000448531 
17 7 14    0.0022086345   -0.0023149925   -0.0020919800 
17 7 15    0.0009419484   -0.0010060343   -0.0008880345 
17 10 7   -0.0000190967   -0.0002142023   -0.0000626056 
17 10 8   -0.0004157192   -0.0011708716   -0.0003978945 
17 10 9   -0.0003203058   -0.0002296223   -0.0001043232 
17 11 7   -0.0000605896   -0.0004865435   -0.0001293950 
17 11 8   -0.0003708130   -0.0021925275   -0.0006463687 
17 11 9   -0.0001311389   -0.0001002701   -0.0000441071 
17 14 7   -0.0001483004    0.0000084054    0.0000128331 
17 14 8   -0.0000520800    0.0000081517   -0.0000013812 
17 15 7   -0.0005441279   -0.0000058525    0.0000747773 
17 15 8   -0.0001907197    0.0000168562    0.0000051277 
17 16 11   -0.0002499107   -0.0000038186    0.0002362128 
17 16 12   -0.0008835615    0.0001172107    0.0006197953 
17 17 5   -0.0000019999    0.0000019625    0.0000027105 
17 17 6   -0.0000027124    0.0000026977    0.0000036523 
17 17 11   -0.0002265736   -0.0000918000    0.0001843661 
17 17 12   -0.0006570957   -0.0006129135    0.0002810205 
17 18 5   -0.0000009280    0.0000009571    0.0000013556 
17 18 6   -0.0000012612    0.0000013154    0.0000018292 
17 19 10    0.0004727894   -0.0002615135   -0.0000604182 
17 19 11    0.0007972278   -0.0004425998   -0.0001045789 
17 20 10    0.0000138627   -0.0000091280   -0.0000015972 
17 20 11    0.0000233970   -0.0000154492   -0.0000027840 
18 2 18    0.0000695325   -0.0002649328   -0.0001810629 
18 2 19    0.0001225176   -0.0004319087   -0.0002730273 
18 2 20   -0.0002164023    0.0000558009   -0.0002315228 
18 2 21   -0.0007810519    0.0001923665   -0.0008533952 
18 3 18    0.0000838759   -0.0003256366   -0.0002126789 
18 3 19    0.0001486256   -0.0005314418   -0.0003204452 
18 3 20   -0.0000389127    0.0000088756   -0.0000409491 
18 3 21   -0.0001402620    0.0000301921   -0.0001508952 
18 4 3   -0.0000151976   -0.0001483289    0.0000637371 
18 4 4   -0.0000604620   -0.0003613989    0.0002180005 
18 5 3    0.0000048612   -0.0001250038    0.0000030841 
18 5 4   -0.0000015062   -0.0003070721    0.0000434820 
18 6 20   -0.0000094969   -0.0000026985    0.0000162986 
18 6 21   -0.0000055524   -0.0000024501    0.0000083635 
18 7 20   -0.0000687222   -0.0000323292    0.0001041582 
18 7 21   -0.0000403656   -0.0000255393    0.0000522550 
18 10 7   -0.0000041134   -0.0000529553   -0.0000155049 
18 10 8   -0.0014042314   -0.0010542990   -0.0004691409 
18 10 9   -0.0012807052   -0.0007493778   -0.0003778168 
18 11 4    0.0003718517   -0.0002931676    0.0004272864 
18 11 5    0.0010238779   -0.0008044527    0.0011802393 
18 11 7   -0.0000135180   -0.0001202332   -0.0000318885 
18 11 8   -0.0006209173   -0.0008743442   -0.0003168787 
18 11 9   -0.0005258831   -0.0003258367   -0.0001605329 
18 12 4    0.0002129595   -0.0001759537    0.0002480669 
18 12 5    0.0005862194   -0.0004829728    0.0006849428 
18 14 7   -0.0001750742   -0.0000102774    0.0000355740 
18 14 8   -0.0000612564    0.0000023934    0.0000059442 
18 15 7   -0.0006435687   -0.0000801036    0.0001614975 
18 15 8   -0.0002247606   -0.0000062438    0.0000331272 
18 16 11   -0.0000985114    0.0000219115    0.0001069749 
18 16 12   -0.0004010188    0.0002813248    0.0003566100 
18 17 11   -0.0000852392    0.0000197386    0.0000919319 
18 17 12   -0.0003482380    0.0002467061    0.0003081365 
18 18 7    0.0000795754    0.0000407650   -0.0001396683 
18 18 8    0.0004738842    0.0002448364   -0.0008281838 
18 19 7    0.0001256368    0.0000479483   -0.0001888202 
18 19 8    0.0007462538    0.0002894566   -0.0011195856 
18 20 12   -0.0005465357    0.0003544458   -0.0001128785 
18 20 13   -0.0000646931    0.0000361494   -0.0000639159 
18 21 12   -0.0005170777    0.0003293920   -0.0001001047 
18 21 13   -0.0000610259    0.0000333564   -0.0000597576 
19 2 18    0.0001347011   -0.0005240477   -0.0003581295 
19 2 19    0.0002373211   -0.0008544125   -0.0005402796 
19 2 20   -0.0001783194    0.0000456647   -0.0001916511 
19 2 21   -0.0006440341    0.0001577918   -0.0007065582 
19 3 18    0.0001624049   -0.0006440899   -0.0004207256 
19 3 19    0.0002877701   -0.0010512647   -0.0006342302 
19 3 20   -0.0000319711    0.0000071869   -0.0000338609 
19 3 21   -0.0001153152    0.0000244969   -0.0001248006 
19 4 7    0.0000193509   -0.0000168529   -0.0000325252 
19 4 8    0.0000059646   -0.0000043288   -0.0000103551 
19 5 7    0.0000103645   -0.0000084034   -0.0000189258 
19 5 8    0.0000031694   -0.0000020213   -0.0000060294 
19 5 11    0.0006083806    0.0002827550    0.0002227051 
19 5 12    0.0000160987   -0.0000130322    0.0000174997 
19 6 11    0.0005306927    0.0001627844    0.0002532566 
19 6 12    0.0000134126   -0.0000154314    0.0000183477 
19 6 20   -0.0001252379   -0.0000766792    0.0001561879 
19 6 21   -0.0000737893   -0.0000574914    0.0000748354 
19 7 20   -0.0009165682   -0.0007375993    0.0009403594 
19 7 21   -0.0005419537   -0.0005298076    0.0004242927 
19 8 14    0.0000689180    0.0010591289    0.0014300676 
19 8 15    0.0000123606    0.0001978177    0.0002672661 
19 9 14    0.0000828836    0.0010392958    0.0014272802 
19 9 15    0.0000149972    0.0001940781    0.0002667473 
19 11 4    0.0004245078   -0.0003095929    0.0004811467 
19 11 5    0.0011693775   -0.0008489655    0.0013299965 
19 12 4    0.0002429691   -0.0001861329    0.0002783252 
19 12 5    0.0006691181   -0.0005106152    0.0007690224 
19 12 15    0.0000324305    0.0000013790   -0.0000680138 
19 12 16    0.0000363957    0.0000022829   -0.0000858393 
19 13 15    0.0000764232    0.0000007504   -0.0001476621 
19 13 16    0.0000862985    0.0000030046   -0.0001859233 
19 17 8   -0.0000131832    0.0001367484    0.0001313110 
19 17 9   -0.0002863664    0.0007903664    0.0007559354 
19 18 7    0.0000221290    0.0000108800   -0.0000385285 
19 18 8    0.0001314485    0.0002088396   -0.0000908928 
19 18 9   -0.0002374235    0.0008238250    0.0007908128 
19 19 7    0.0000350136    0.0000127099   -0.0000521673 
19 19 8    0.0002080036    0.0000768393   -0.0003093485 
19 19 15    0.0000190644   -0.0000119112    0.0000094424 
19 19 16    0.0001769357   -0.0001120919    0.0000849333 
19 20 12   -0.0007623974    0.0005107537   -0.0000348873 
19 20 13   -0.0000903973    0.0000551178   -0.0000686482 
19 20 15    0.0001197751   -0.0000741782    0.0000602988 
19 20 16    0.0011118123   -0.0006980317    0.0005431515 
19 21 12   -0.0007217415    0.0004753173   -0.0000235279 
19 21 13   -0.0000853440    0.0000510418   -0.0000639422 
20 4 7    0.0003902961   -0.0006771794   -0.0006093640 
20 4 8    0.0001219258   -0.0002025306   -0.0001923447 
20 5 7    0.0002275828   -0.0003959986   -0.0003607296 
20 5 8    0.0002149286   -0.0002301130   -0.0000477922 
20 5 9    0.0001176392   -0.0000807634    0.0000449773 
20 5 11    0.0008512791    0.0003341114    0.0003670599 
20 5 12    0.0000220181   -0.0000219917    0.0000274746 
20 6 8    0.0001097230   -0.0002494064    0.0001657124 
20 6 9    0.0000945913   -0.0001822246    0.0001184586 
20 6 11    0.0007398405    0.0001633707    0.0004107296 
20 6 12    0.0000181674   -0.0000254167    0.0000286922 
20 7 9    0.0002259719    0.0003118009    0.0002292168 
20 7 10    0.0001622532    0.0002240082    0.0001641300 
20 8 9    0.0000631243    0.0001002173    0.0000911439 
20 8 10    0.0000452546    0.0000721933    0.0000656029 
20 8 14   -0.0000081127    0.0000804603    0.0001058981 
20 8 15   -0.0000015832    0.0000150239    0.0000197821 
20 9 8   -0.0003356299    0.0002828536   -0.0000989748 
20 9 9   -0.0000795761    0.0000683334   -0.0000265008 
20 9 14   -0.0000070896    0.0000788075    0.0001054937 
20 9 15   -0.0000013900    0.0000147123    0.0000197064 
20 10 8   -0.0030639482    0.0024295374   -0.0009852044 
20 10 9   -0.0007266246    0.0005873544   -0.0002619212 
20 12 15    0.0001486078   -0.0000320462   -0.0005159045 
20 12 16    0.0001556642   -0.0000515548   -0.0006576006 
20 13 15    0.0003652532   -0.0000669800   -0.0011115377 
20 13 16    0.0003906143   -0.0001017458   -0.0014137944 
20 14 7   -0.0002807526   -0.0000642725   -0.0000422156 
20 14 8   -0.0021897880   -0.0005117284   -0.0003527187 
20 15 7   -0.0001256889   -0.0000297192   -0.0000187935 
20 15 8   -0.0009765825   -0.0002375741   -0.0001587631 
20 17 8    0.0000079622    0.0000183619    0.0000173515 
20 17 9    0.0000081049    0.0001023124    0.0000987733 
20 18 8    0.0000108603    0.0000194884    0.0000182251 
20 18 9    0.0000201246    0.0001077090    0.0001035423 
20 18 10    0.0023165758    0.0001613959    0.0006734199 
20 18 11    0.0016476005    0.0000986378    0.0004397359 
20 19 10    0.0012274590    0.0000852534    0.0003584729 
20 19 11    0.0008728640    0.0000524108    0.0002350464 
20 19 15   -0.0000015133   -0.0000001657   -0.0000004907 
20 19 16   -0.0000148933   -0.0000018153   -0.0000063710 
20 20 5   -0.0004113773    0.0004021697   -0.0002790556 
20 20 6   -0.0012147218    0.0010646361   -0.0008454794 
20 20 15   -0.0000094346   -0.0000011442   -0.0000031938 
20 20 16   -0.0000927608   -0.0000124856   -0.0000412476 
20 21 5   -0.0003406244    0.0003394738   -0.0002331525 
20 21 6   -0.0010041083    0.0008967607   -0.0007023467 
21 5 8    0.0002346530   -0.0002224652    0.0001370411 
21 5 9    0.0001930498   -0.0001607419    0.0000946172 
21 6 8    0.0001603282   -0.0004850156    0.0003270021 
21 6 9    0.0001420491   -0.0003549982    0.0002348857 
21 7 9    0.0007468379    0.0011332924    0.0009431326 
21 7 10    0.0005358317    0.0008151971    0.0006771873 
21 8 9    0.0002020866    0.0003699549    0.0003779866 
21 8 10    0.0001446980    0.0002668922    0.0002726185 
21 9 8   -0.0002889384    0.0002506692   -0.0000942669 
21 9 9   -0.0000687376    0.0000605004   -0.0000251368 
21 10 8   -0.0026377837    0.0021562723   -0.0009324203 
21 10 9   -0.0006277305    0.0005206276   -0.0002471830 
21 14 7   -0.0000381924   -0.0000073971   -0.0000045575 
21 14 8   -0.0002952194   -0.0000600881   -0.0000393038 
21 15 7   -0.0000170274   -0.0000034587   -0.0000020484 
21 15 8   -0.0001312209   -0.0000281491   -0.0000178422 
21 18 10    0.0001666594    0.0000114485    0.0000481609 
21 18 11    0.0001183216    0.0000071705    0.0000319095 
21 19 10    0.0000885964    0.0000059324    0.0000253679 
21 19 11    0.0000628890    0.0000037244    0.0000168522 
21 19 15   -0.0000511356   -0.0000018290    0.0000223995 
21 19 16   -0.0004995810   -0.0000166992    0.0001897232 
21 20 5   -0.0006333847    0.0006407937   -0.0004244318 
21 20 6   -0.0018604700    0.0016926386   -0.0012806768 
21 20 15   -0.0003214421   -0.0000141230    0.0001384195 
21 20 16   -0.0031391402   -0.0001311789    0.0011678498 
21 21 5   -0.0005248471    0.0005411790   -0.0003552046 
21 21 6   -0.0015390483    0.0014265259   -0.0010652567 
