1  -19.1222510976   -5.4708352546   74.0368518990 
29  -34.0699028681  -15.3402006290   73.9338348213 
13  -49.2601681572   40.5314187067  -82.2642649440 
35   21.5349897702    0.4686269873   44.0573243301 
73   11.0771703309  -28.5747376445   22.7320228229 
83   50.5486732909  -58.6389578628   62.3612363562 
89  -76.0100990270  -37.5459761905  -37.6273781597 
4   -4.0640750540   -6.2139656527    8.6250378855 
74  -55.9714372459  -24.8434613468   73.1307266622 
55  -56.8582031339   58.3523907183  -20.3930299813 
69   32.1350281132   31.9119118449    6.4339103431 
94  -80.4152239910   24.6342196261   72.3325772988 
60   29.1550065469  -23.1691841437  -12.7331261238 
53   55.6129593447  -45.2941719410  -26.7187049396 
41   -5.7095976637  -62.9552774471  -68.8635733716 
50   24.3243101030   51.5096541665    6.4449352520 
71  -29.4944631455   51.7556860549  -20.2594229898 
64   69.4269482008  -63.4482040667   59.6366153681 
76  -49.2290133896  -42.8840467873   -6.7682235053 
80   24.6362208085  -57.1253782258   56.7380582673 
81  -34.1164088230   31.5847088227  -43.5579135846 
56   -9.8971335068   51.6301603617  -38.4420593539 
26  -73.3611139109   35.0426953334  -42.5934756136 
70  -58.2435560507  -49.1648746228  -35.6015236458 
86    6.0264679735   36.4259713447   70.6290734316 
15  -26.2344910238   36.9451559210   22.0284152524 
58  -58.3541005844   29.5379576037   -5.0734048037 
22  -55.9472678537   80.2939764171   39.2636269711 
82  -48.1262027814   33.5861671818  -33.8911038955 
21    5.2439928419   44.3498700923   38.0790213017 
59   68.0390010539   75.7852716091   56.9372020221 
39  -42.7372189877   40.3129332469   -9.1380133021 
6   29.8415106305   -1.9691584971   65.6911052150 
47   -4.0687980088   51.7117745284   34.7854450674 
97   35.3387472476   14.7603524325  -17.4396578330 
7   22.2057446812   20.8229009860   36.7237616905 
38  -61.6044940761  -41.6823010132   28.7668254206 
34   54.3808143689   -1.2850389623   26.8251886535 
99  -40.6509300175   20.4334512007   42.5025153638 
19  -32.9127066679  -56.0072162259  -76.2724463567 
33  -41.0297789053  -86.7412192893  -30.5367645039 
5   14.3362304153  -15.8727948000  -28.9661900128 
32   49.4573646572  -75.9907010729   42.3182921469 
18   20.0100939718  -19.7081544599  -60.7267861695 
91  -56.3209574157   -0.9768307984  -61.3167561588 
44  -13.2205327924  -23.1144408637  -25.6577815317 
37   -8.3558234651  -11.3422287996   57.4571713930 
42   43.0748714294   12.2268521830  -48.7314351185 
95   30.9175417558   38.1140305199  -49.3831639221 
48  -63.0100375629   69.6335735422  -54.5305307545 
54  -53.4236183679    2.6479141799   31.2290778691 
87   57.9663653811   -7.9098215881    0.5188522312 
61   26.5248822929   13.9332817784  -58.8300185589 
79  -17.7714014675  -67.0894753660  -10.5731212546 
49  -58.2187597612  -23.0730386185   11.4111630260 
9  -48.6770415201   -1.9902814585   55.5109585567 
67   -3.7418271034   38.1041803341   12.5124865923 
30  -21.4762110039   73.1173780520   63.4255194173 
65  -40.8197931297  -34.1212810840   48.2603732464 
90   56.3022663118  -30.4574752878  -47.7252848948 
51   10.4943984367  -35.8793754859   15.2980603586 
20    2.7448424123  -63.1485340446    4.8516795442 
12   54.3337828213   22.8702980398  -66.6241651496 
11  -20.1210748545  -32.5869136854  -72.6072508676 
46   35.4700018299  -72.5404288784    6.8707733216 
57   69.2306075698   52.6097934636  -35.9114554122 
36  -13.2593261216   60.0632518065  -53.4667709229 
72   47.1350351607   69.7446614833   41.9147167473 
75  -19.4843333690   20.5176490964   28.0348951598 
100  -33.2696470720  -63.8551613582   31.7443448996 
52   15.1331392404   69.6608158289  -14.8325940036 
28   22.1638003606  -51.3337479801   41.3514630317 
92   24.7689877509  -71.7239340967  -68.9420125515 
14   30.3685715673   24.1522057515   45.2913502993 
63    8.4562370450   -7.7924698209   -1.9637835010 
66  -28.3777981363  -44.1533727067   26.9519810589 
3   54.1508531591   77.2459215697  -38.4166877377 
85   49.7180864270    4.1605779309  -72.9744190126 
98   53.4158440210   42.3757779155  -72.5945813273 
96    7.5301425823   43.7630736901   26.0833672098 
8  -29.1046810606   -5.7957937107   16.6974854168 
24   -2.6512035827  -63.0808567638   13.8557754694 
93   -9.6054502194  -25.3989159497   53.4712421276 
10   41.0629473368   53.3701993992   51.4118276965 
45   -4.1553572308   -8.7103016299  -65.7533990156 
62   61.1125675508  -68.0907727621  -11.2530730977 
78  -18.6289085022   62.4977002085   65.3675904060 
88  -30.2742332103    1.7761517342   40.4054281485 
40   16.7410621062   45.0586410647   -2.4904599984 
17   -2.8842019930   70.5479747303   -2.0148227986 
2   65.8049191519  -44.4285745149   16.8630320386 
84   53.5487367883   22.1685968597   59.7080811006 
68  -33.3960197782  -14.1564180130  -39.6179317622 
31   -8.0338629412  -68.5110913848    9.3364675096 
43   54.7840475484  -75.2467484737   73.3585885934 
27   53.7412464921  -26.9760672265   70.3074254100 
77   24.0728574917  -74.7821101050   -8.5850445543 
25   45.5145993734  -24.0456172803  -55.4519910712 
23   11.3608970226  -57.0039473886   42.4085064417 
16  -31.0992246318  -68.4011474939   38.2182562036 
1 10 4    0.0000357494    0.0007479465   -0.0002214345 
1 10 5    0.0000409532    0.0006482564   -0.0001876534 
1 11 4    0.0000460120    0.0008297492   -0.0002411359 
1 11 5    0.0000517665    0.0007188490   -0.0002031921 
1 14 14    0.0005067486   -0.0025058510    0.0013120676 
1 14 15    0.0000871145   -0.0003285750    0.0001261347 
1 15 14    0.0002559255   -0.0012111967    0.0005962360 
1 15 15    0.0000429801   -0.0001589186    0.0000574644 
1 19 13    0.0000177401    0.0000225796    0.0000012976 
1 19 14    0.0000098669    0.0000118782    0.0000009998 
1 20 13    0.0005189288    0.0005997902    0.0000568000 
1 20 14    0.0002885564    0.0003136815    0.0000401115 
2 6 2    0.0004243446   -0.0024865845    0.0005648868 
2 6 3    0.0002137139   -0.0010208947    0.0002208158 
2 7 2    0.0003255103   -0.0014078693    0.0002908374 
2 7 3    0.0001559744   -0.0005803091    0.0001154188 
2 7 5    0.0000959273   -0.0004953823   -0.0000512504 
2 7 6    0.0000005764   -0.0000193734   -0.0000019886 
2 8 5    0.0003890805   -0.0026266461   -0.0002334083 
2 8 6   -0.0000016368   -0.0001057063   -0.0000106397 
2 10 4    0.0000217808    0.0004226658   -0.0001244608 
2 10 5    0.0000256865    0.0003665458   -0.0001043921 
2 11 4    0.0000279885    0.0004687812   -0.0001351941 
2 11 5    0.0000323350    0.0004063653   -0.0001126400 
2 14 12   -0.0000039115   -0.0000141749   -0.0000112950 
2 14 13   -0.0000088455   -0.0000313011   -0.0000248961 
2 14 14    0.0000337044   -0.0001806667    0.0000953281 
2 14 15    0.0000059743   -0.0000236996    0.0000091349 
2 15 12   -0.0001566218   -0.0006486083   -0.0005581307 
2 15 13   -0.0003588552   -0.0014301641   -0.0012286374 
2 15 14    0.0000171484   -0.0000873512    0.0000432966 
2 15 15    0.0000029563   -0.0000114656    0.0000041590 
2 18 1   -0.0008697223    0.0005264020   -0.0004961464 
2 18 2   -0.0003242170    0.0001926756   -0.0002212860 
2 18 3    0.0005599038    0.0000424196    0.0001298458 
2 18 4    0.0000414416    0.0000031531    0.0000092806 
2 19 1   -0.0006491389    0.0003899908   -0.0003774542 
2 19 2   -0.0002418498    0.0001425323   -0.0001687326 
2 19 3    0.0014778219    0.0001335716    0.0003408461 
2 19 4    0.0001094178    0.0000099207    0.0000243624 
2 19 13    0.0000706327    0.0000874078    0.0000068062 
2 19 14    0.0000393380    0.0000459344    0.0000048990 
2 20 11    0.0009289875    0.0018013556    0.0026546627 
2 20 12    0.0000824570    0.0001782877    0.0002634333 
2 20 13    0.0020682198    0.0023120016    0.0002770521 
2 20 14    0.0011516561    0.0012072713    0.0001883292 
2 21 11    0.0003305217    0.0007355923    0.0011047966 
2 21 12    0.0000284574    0.0000727875    0.0001097571 
3 1 18   -0.0003537157    0.0000174424   -0.0000681661 
3 1 19   -0.0012997653    0.0000520646   -0.0002569473 
3 2 18   -0.0002773513    0.0000106724   -0.0000548114 
3 2 19   -0.0010191711    0.0000298126   -0.0002064637 
3 6 2    0.0001868397   -0.0011952587    0.0002756502 
3 6 3    0.0000956930   -0.0004902958    0.0001074668 
3 7 2    0.0001468074   -0.0006758164    0.0001412849 
3 7 3    0.0000709818   -0.0002783263    0.0000559004 
3 7 5    0.0001064032   -0.0006115793   -0.0000622106 
3 7 6    0.0000002096   -0.0000241495   -0.0000025100 
3 8 5    0.0004157558   -0.0032525782   -0.0002868858 
3 8 6   -0.0000048339   -0.0001321144   -0.0000135651 
3 14 12   -0.0000049491   -0.0000171675   -0.0000135748 
3 14 13   -0.0000111745   -0.0000379128   -0.0000299245 
3 15 12   -0.0002029323   -0.0007827436   -0.0006684494 
3 15 13   -0.0004634307   -0.0017261359   -0.0014716766 
3 15 16   -0.0000604000    0.0004985227    0.0003866183 
3 15 17   -0.0000324328    0.0002406708    0.0001839978 
3 16 2   -0.0000493240   -0.0000077727   -0.0000153456 
3 16 3   -0.0000513571   -0.0000116422   -0.0000195111 
3 16 16   -0.0001301234    0.0010737219    0.0008349969 
3 16 17   -0.0000699265    0.0005187518    0.0003976495 
3 17 2   -0.0012650765   -0.0004658180   -0.0005817169 
3 17 3   -0.0013257644   -0.0005943555   -0.0007056186 
3 18 1   -0.0009735967    0.0005740565   -0.0005846219 
3 18 2   -0.0003629857    0.0002103454   -0.0002641600 
3 18 3    0.0003803064    0.0000209575    0.0000895965 
3 18 4    0.0000281358    0.0000015636    0.0000064071 
3 19 1   -0.0007266505    0.0004250124   -0.0004453794 
3 19 2   -0.0002707192    0.0001554425   -0.0002016430 
3 19 3    0.0010031755    0.0000696349    0.0002348634 
3 19 4    0.0000742409    0.0000051856    0.0000167950 
3 20 11   -0.0000147689    0.0000805156    0.0001306180 
3 20 12   -0.0000022660    0.0000079635    0.0000130747 
3 21 11   -0.0000099876    0.0000327630    0.0000550977 
3 21 12   -0.0000013472    0.0000032382    0.0000055243 
4 1 18   -0.0005686313    0.0000164701   -0.0001141790 
4 1 19   -0.0020899321    0.0000411867   -0.0004299422 
4 2 18   -0.0004456739    0.0000081764   -0.0000916215 
4 2 19   -0.0016380442    0.0000149270   -0.0003447909 
4 5 1    0.0000202825   -0.0002120634   -0.0005532714 
4 5 2    0.0000217486   -0.0001632450   -0.0004145796 
4 6 1    0.0000420239   -0.0005054282   -0.0012271730 
4 6 2    0.0000455312   -0.0003859814   -0.0009179590 
4 8 10   -0.0002221497   -0.0002260434    0.0000315379 
4 8 11   -0.0005866502   -0.0005065684    0.0000324942 
4 9 10   -0.0000486115   -0.0000493880    0.0000058162 
4 9 11   -0.0001285240   -0.0001106401    0.0000047181 
4 11 5   -0.0004736421   -0.0006030113    0.0004086071 
4 11 6   -0.0012640593   -0.0017276918    0.0010218332 
4 12 5   -0.0000683408   -0.0000773775    0.0000611972 
4 12 6   -0.0001785768   -0.0002183460    0.0001573851 
4 15 16   -0.0000445276    0.0003300787    0.0002550869 
4 15 17   -0.0000235674    0.0001595475    0.0001215199 
4 16 2   -0.0000261086   -0.0000030131   -0.0000072642 
4 16 3   -0.0000271397   -0.0000049205   -0.0000093921 
4 16 16   -0.0000959349    0.0007111652    0.0005510684 
4 16 17   -0.0000508132    0.0003440104    0.0002626948 
4 17 2   -0.0006673552   -0.0002125323   -0.0002828372 
4 17 3   -0.0006981536   -0.0002761781   -0.0003459801 
5 3 11    0.0000202399   -0.0001559351    0.0003331408 
5 3 12    0.0000119441   -0.0000548333    0.0001197446 
5 4 11   -0.0000342452   -0.0015903886    0.0032656290 
5 4 12    0.0000284088   -0.0005607572    0.0011649134 
5 5 1    0.0000019326   -0.0000175386   -0.0000333900 
5 5 2    0.0000016594   -0.0000129534   -0.0000246438 
5 6 1    0.0000040636   -0.0000402927   -0.0000737041 
5 6 2    0.0000035045   -0.0000296826   -0.0000543569 
5 8 10   -0.0001608624   -0.0001743691    0.0000307157 
5 8 11   -0.0004250899   -0.0003928285    0.0000423091 
5 9 10   -0.0000351769   -0.0000381052    0.0000058753 
5 9 11   -0.0000930794   -0.0000858177    0.0000073968 
5 11 5   -0.0002007969   -0.0002748773    0.0001728957 
5 11 6   -0.0005428334   -0.0007921076    0.0004251662 
5 11 8    0.0001252737    0.0003828848    0.0000268375 
5 11 9    0.0000822766    0.0002816284   -0.0000046732 
5 12 5   -0.0000283834   -0.0000350137    0.0000264661 
5 12 6   -0.0000751501   -0.0000991917    0.0000671582 
5 12 8    0.0002099565    0.0006973563    0.0000097107 
5 12 9    0.0001370633    0.0005134382   -0.0000360902 
5 15 19   -0.0000244605    0.0000222701    0.0000052348 
5 15 20   -0.0000919754    0.0000934476    0.0000166262 
5 16 19   -0.0000026626    0.0000023801    0.0000005479 
5 16 20   -0.0000100308    0.0000100223    0.0000017192 
5 18 19    0.0000921806    0.0002365941   -0.0003428405 
5 18 20    0.0000294397    0.0000250134   -0.0000522266 
5 19 7    0.0002420046   -0.0003419515   -0.0000625331 
5 19 8    0.0003043408   -0.0004300324   -0.0000786405 
5 19 19    0.0000110396    0.0000474498   -0.0000657316 
5 19 20    0.0000047283    0.0000049136   -0.0000098954 
5 20 7    0.0000104332   -0.0000059269   -0.0000317786 
5 20 8    0.0000084164   -0.0000067143   -0.0000306415 
5 21 7    0.0000040864   -0.0000489670   -0.0007965135 
5 21 8   -0.0000047304   -0.0000435835   -0.0009332407 
6 2 6    0.0007280277   -0.0002323062    0.0004652349 
6 2 7    0.0001636428   -0.0000589287    0.0000723965 
6 3 6    0.0023315112   -0.0007718317    0.0013877330 
6 3 7    0.0005244297   -0.0001944847    0.0002109458 
6 3 11   -0.0000023238   -0.0000202316    0.0000412971 
6 3 12   -0.0000003509   -0.0000071375    0.0000146750 
6 4 11   -0.0000475952   -0.0002052713    0.0004130852 
6 4 12   -0.0000127371   -0.0000724974    0.0001459843 
6 5 19    0.0000093001    0.0000484493   -0.0000351802 
6 5 20    0.0000630154    0.0003697141   -0.0004815294 
6 6 11    0.0000199786   -0.0000188626    0.0000691560 
6 6 12    0.0000267564   -0.0000176761    0.0000675298 
6 6 19    0.0000007318    0.0000058237   -0.0000109810 
6 6 20    0.0000039809    0.0000296326   -0.0001464501 
6 7 11   -0.0000419749   -0.0004745247    0.0015585746 
6 7 12    0.0000472474   -0.0004707896    0.0015223711 
6 7 13   -0.0000240063    0.0000315902    0.0000660643 
6 7 14   -0.0000388502    0.0000510781    0.0001053634 
6 8 13   -0.0002133137    0.0002772139    0.0005923200 
6 8 14   -0.0003464126    0.0004500803    0.0009450145 
6 10 13    0.0000795841    0.0000507343   -0.0003902301 
6 10 14    0.0001265955    0.0000785619   -0.0006166874 
6 11 8    0.0000326754    0.0001581990   -0.0000229430 
6 11 9    0.0000207100    0.0001167061   -0.0000256605 
6 11 13    0.0000643397    0.0000352420   -0.0002944061 
6 11 14    0.0001022688    0.0000543543   -0.0004651945 
6 12 8    0.0000529265    0.0002889324   -0.0000562125 
6 12 9    0.0000330570    0.0002133268   -0.0000569471 
6 13 3    0.0002133983    0.0001044689   -0.0003039643 
6 13 4    0.0001597418    0.0000782014   -0.0002275361 
6 13 19    0.0002458038    0.0000316057   -0.0002817661 
6 13 20    0.0004199005   -0.0000093032   -0.0005671599 
6 14 3    0.0001268195    0.0000620843   -0.0001806416 
6 14 4    0.0000949322    0.0000464740   -0.0001352214 
6 14 19    0.0002674474    0.0000437618   -0.0002710557 
6 14 20    0.0004571996    0.0000194854   -0.0005471710 
6 15 19   -0.0009556365    0.0007603083    0.0002082232 
6 15 20   -0.0035536475    0.0031637059    0.0006967939 
6 16 19   -0.0001039504    0.0000809992    0.0000218665 
6 16 20   -0.0003871110    0.0003382525    0.0000725998 
6 18 19   -0.0000702778    0.0008011693   -0.0008484387 
6 18 20    0.0000311617    0.0000851623   -0.0001237724 
6 19 7    0.0001221896   -0.0001726535   -0.0000315733 
6 19 8    0.0001536636   -0.0002171261   -0.0000397061 
6 19 19   -0.0000309314    0.0001626546   -0.0001652463 
6 19 20    0.0000035991    0.0000170913   -0.0000237503 
6 20 7    0.0000056117   -0.0000032643   -0.0000172593 
6 20 8    0.0000045325   -0.0000036715   -0.0000165710 
6 21 7   -0.0000013983   -0.0000295455   -0.0004117597 
6 21 8   -0.0000072432   -0.0000271834   -0.0004807432 
7 2 6    0.0002040496   -0.0000554414    0.0001719718 
7 2 7    0.0000456844   -0.0000144771    0.0000290350 
7 3 6    0.0006527823   -0.0001860954    0.0005187012 
7 3 7    0.0001462706   -0.0000481186    0.0000864780 
7 3 13    0.0000162443    0.0000351220   -0.0000438295 
7 3 14    0.0000185954    0.0000463720   -0.0000601033 
7 4 13    0.0000515884    0.0001061062   -0.0001323069 
7 4 14    0.0000593102    0.0001400280   -0.0001813947 
7 5 19    0.0000158566    0.0001041376   -0.0000988973 
7 5 20    0.0000959861    0.0007442066   -0.0013404570 
7 6 11    0.0000094426   -0.0000083225    0.0000306249 
7 6 12    0.0000125311   -0.0000077649    0.0000299063 
7 6 19    0.0000008235    0.0000108743   -0.0000305743 
7 6 20    0.0000025879    0.0000333135   -0.0004057403 
7 7 11   -0.0000116607   -0.0002113009    0.0006898227 
7 7 12    0.0000288977   -0.0002093660    0.0006738093 
7 7 13   -0.0000583908    0.0000768617    0.0001569728 
7 7 14   -0.0000941350    0.0001237476    0.0002502124 
7 8 13   -0.0005153566    0.0006693543    0.0014051153 
7 8 14   -0.0008336414    0.0010819451    0.0022406637 
7 8 16   -0.0000002134   -0.0000098033    0.0001719616 
7 8 17   -0.0000000143   -0.0000011926    0.0000092294 
7 9 16   -0.0001130451   -0.0007661966    0.0017067302 
7 9 17   -0.0000095438   -0.0000528518    0.0000947218 
7 10 13    0.0001813913    0.0001219065   -0.0009061723 
7 10 14    0.0002885772    0.0001887570   -0.0014319911 
7 11 6    0.0000013698   -0.0000000649   -0.0000048060 
7 11 7    0.0001270728   -0.0000032711   -0.0004945283 
7 11 13    0.0001468381    0.0000850446   -0.0006836599 
7 11 14    0.0002334248    0.0001311736   -0.0010802220 
7 12 3   -0.0002922462   -0.0010834910    0.0013965413 
7 12 4   -0.0001242420   -0.0004443815    0.0005388466 
7 12 6    0.0000004391    0.0000000185   -0.0000016037 
7 12 7    0.0000470956    0.0000018914   -0.0001747885 
7 13 3   -0.0001651594   -0.0006425443    0.0008699427 
7 13 4   -0.0000672915   -0.0002597763    0.0003462641 
7 13 19    0.0000842946   -0.0000301084   -0.0001417303 
7 13 20    0.0001437303   -0.0000961682   -0.0002841151 
7 14 3    0.0000047583    0.0000051766    0.0000160349 
7 14 4    0.0000036472    0.0000039940    0.0000120460 
7 14 19    0.0000920972   -0.0000212446   -0.0001369749 
7 14 20    0.0001571919   -0.0000767195   -0.0002750099 
7 15 13    0.0019706215   -0.0003613882    0.0024148440 
7 15 14    0.0009971587   -0.0001816782    0.0012399312 
7 16 13    0.0013686629   -0.0002751522    0.0017211014 
7 16 14    0.0006926723   -0.0001382616    0.0008845447 
7 16 17    0.0000200182   -0.0000146789    0.0000187871 
7 16 18    0.0001201103   -0.0000785410    0.0000776711 
7 17 17    0.0001679918   -0.0001188318    0.0001329751 
7 17 18    0.0010066099   -0.0006427701    0.0005213692 
7 19 1    0.0000143207    0.0000083221   -0.0000111848 
7 19 2    0.0000677021    0.0000391466   -0.0000559064 
7 20 1    0.0000188420    0.0000106209   -0.0000119674 
7 20 2    0.0000887400    0.0000497338   -0.0000604499 
8 1 3   -0.0001153701   -0.0001322109    0.0001877734 
8 1 4   -0.0000824436   -0.0000860095    0.0001303291 
8 2 3   -0.0004278151   -0.0005012549    0.0006985831 
8 2 4   -0.0003054940   -0.0003265683    0.0004846230 
8 2 6    0.0001795967    0.0000765193   -0.0000568018 
8 2 7    0.0001161191    0.0000555212   -0.0000402258 
8 3 6    0.0003393198    0.0001473359   -0.0001060222 
8 3 7    0.0002205601    0.0001069041   -0.0000743241 
8 3 13    0.0001397383    0.0002701890   -0.0003247225 
8 3 14    0.0001618202    0.0003560689   -0.0004447117 
8 4 13    0.0004424269    0.0008167671   -0.0009807088 
8 4 14    0.0005141317    0.0010758419   -0.0013427256 
8 4 15    0.0003442534   -0.0001138234   -0.0008182701 
8 4 16    0.0002382808   -0.0000844540   -0.0005362905 
8 5 15    0.0006264852   -0.0002237367   -0.0014343887 
8 5 16    0.0004338450   -0.0001645012   -0.0009477818 
8 5 18    0.0015980328    0.0002439256    0.0010686151 
8 5 19    0.0001667128    0.0000235839    0.0001237402 
8 6 18    0.0011259137    0.0001666968    0.0007503303 
8 6 19    0.0001173753    0.0000159204    0.0000868723 
8 7 2   -0.0001249713   -0.0003419732    0.0003079343 
8 7 3   -0.0000856369   -0.0003082752    0.0002390177 
8 8 2   -0.0000400148   -0.0001297465    0.0001102640 
8 8 3   -0.0000273391   -0.0001166069    0.0000854716 
8 8 16   -0.0000012469   -0.0000138558    0.0002500902 
8 8 17   -0.0000000726   -0.0000017041    0.0000134211 
8 9 16   -0.0001731533   -0.0011014172    0.0024791934 
8 9 17   -0.0000143458   -0.0000760045    0.0001375495 
8 11 2   -0.0000037685   -0.0000004308   -0.0000013473 
8 11 3   -0.0000758329   -0.0000051746   -0.0000356773 
8 11 6    0.0000136005   -0.0000023156   -0.0000442164 
8 11 7    0.0009996223   -0.0001218147   -0.0041679530 
8 12 2   -0.0000241935    0.0000000695   -0.0000350635 
8 12 3   -0.0001776057   -0.0002000833   -0.0006499778 
8 12 4   -0.0000389171   -0.0001375502    0.0001421844 
8 12 6    0.0000042475   -0.0000004522   -0.0000146152 
8 12 7    0.0003584810   -0.0000239886   -0.0014531164 
8 13 3    0.0003830126    0.0000576858    0.0017355363 
8 13 4    0.0003053852    0.0001120894    0.0012129521 
8 14 3    0.0002513964    0.0001411368    0.0008639349 
8 14 4    0.0001885438    0.0001054642    0.0006431267 
8 15 13    0.0006351369   -0.0001261833    0.0008232046 
8 15 14    0.0003214831   -0.0000632338    0.0004233504 
8 16 13    0.0004414271   -0.0000956059    0.0005890319 
8 16 14    0.0002234749   -0.0000478852    0.0003032091 
8 16 17    0.0000280488   -0.0000215906    0.0000282144 
8 16 18    0.0001683274   -0.0001153640    0.0001180420 
8 17 17    0.0002354314   -0.0001745608    0.0002006673 
8 17 18    0.0014108501   -0.0009426906    0.0008002390 
8 18 16   -0.0000108006    0.0000201911    0.0000328952 
8 18 17   -0.0000031768    0.0000047888    0.0000074957 
8 19 1    0.0002497281    0.0001434800   -0.0001238203 
8 19 2    0.0011715679    0.0006694076   -0.0006354917 
8 19 7   -0.0002808441    0.0006039321    0.0002438744 
8 19 8   -0.0004349955    0.0011900207    0.0004392406 
8 19 14   -0.0003381611    0.0008753421   -0.0003246770 
8 19 15   -0.0001826616    0.0004736862   -0.0002032878 
8 19 16   -0.0002334510    0.0004163540    0.0006905218 
8 19 17   -0.0000685310    0.0000988046    0.0001571238 
8 20 1    0.0003368218    0.0001888127   -0.0001187036 
8 20 2    0.0015739859    0.0008770248   -0.0006262975 
8 20 7   -0.0001536367    0.0003085995    0.0001302876 
8 20 8   -0.0002409142    0.0006078416    0.0002341444 
8 20 14   -0.0000945166    0.0002600643   -0.0000805015 
8 20 15   -0.0000510129    0.0001408191   -0.0000513052 
9 1 3   -0.0001650842   -0.0001946859    0.0002706068 
9 1 4   -0.0001178774   -0.0001268565    0.0001877052 
9 2 3   -0.0006123592   -0.0007377639    0.0010069293 
9 2 4   -0.0004369313   -0.0004813853    0.0006981001 
9 2 6    0.0007722468    0.0003416335   -0.0002438131 
9 2 7    0.0005035562    0.0002478093   -0.0001697971 
9 3 3   -0.0001534301    0.0019223869   -0.0017285786 
9 3 4   -0.0000766485    0.0009439313   -0.0008699117 
9 3 6    0.0014625926    0.0006584146   -0.0004527913 
9 3 7    0.0009589576    0.0004777458   -0.0003119857 
9 4 3   -0.0000841661    0.0010925968   -0.0009868146 
9 4 4   -0.0000420320    0.0005362186   -0.0004965310 
9 4 15    0.0000905948   -0.0000287452   -0.0002312376 
9 4 16    0.0000627488   -0.0000215087   -0.0001501701 
9 5 15    0.0001649721   -0.0000570002   -0.0004026077 
9 5 16    0.0001143969   -0.0000421927   -0.0002637741 
9 5 18    0.0008450509    0.0001263854    0.0005682198 
9 5 19    0.0000880440    0.0000120025    0.0000658138 
9 6 18    0.0005953830    0.0000862734    0.0003989782 
9 6 19    0.0000619864    0.0000080823    0.0000462052 
9 7 2   -0.0000894422   -0.0002599105    0.0002187040 
9 7 3    0.0003963102   -0.0006775735    0.0005003231 
9 7 4    0.0003291559   -0.0003093843    0.0002227191 
9 8 2   -0.0000288160   -0.0000984815    0.0000782477 
9 8 3    0.0022378844   -0.0023918306    0.0018666501 
9 8 4    0.0016194542   -0.0016063247    0.0012185940 
9 9 12    0.0000250686    0.0000027126    0.0000046736 
9 9 13    0.0003335296    0.0000586620    0.0000396385 
9 10 12    0.0001069369    0.0000106830    0.0000199218 
9 10 13    0.0014218330    0.0002383526    0.0001688879 
9 11 2   -0.0000022888   -0.0000002709   -0.0000007903 
9 11 3   -0.0000462602   -0.0000034415   -0.0000208590 
9 12 2   -0.0000161588   -0.0000003756   -0.0000203387 
9 12 3   -0.0001001829    0.0000696586   -0.0005891589 
9 13 9    0.0000011182    0.0000063748   -0.0000064767 
9 13 10    0.0000362304    0.0001915885   -0.0001940236 
9 14 9    0.0000005840    0.0000014798   -0.0000011107 
9 14 10    0.0000080407    0.0000245769   -0.0000282479 
9 15 9    0.0000070142    0.0000130378   -0.0000309405 
9 15 10    0.0000917659    0.0001285969   -0.0007909118 
9 18 16   -0.0000711105    0.0001015446    0.0001580756 
9 18 17   -0.0000210024    0.0000248505    0.0000364231 
9 19 7   -0.0003114806    0.0005700425    0.0002409982 
9 19 8   -0.0005000020    0.0011209198    0.0004333856 
9 19 14   -0.0000609881    0.0001896580   -0.0000020779 
9 19 15   -0.0000330662    0.0001033651   -0.0000047993 
9 19 16   -0.0015327320    0.0020955413    0.0033126555 
9 19 17   -0.0004518906    0.0005134510    0.0007621870 
9 20 7   -0.0001692227    0.0002913754    0.0001289687 
9 20 8   -0.0002739670    0.0005727228    0.0002314202 
9 20 14   -0.0000170927    0.0000561072    0.0000016684 
9 20 15   -0.0000092612    0.0000305887   -0.0000001215 
10 2 13    0.0002727063    0.0004688930    0.0000313543 
10 2 14    0.0006588515    0.0011082208    0.0000403175 
10 3 3   -0.0000540517    0.0006440501   -0.0005775289 
10 3 4   -0.0000270525    0.0003161323   -0.0002904805 
10 3 13    0.0005738105    0.0009547207    0.0000398808 
10 3 14    0.0013928494    0.0022609239    0.0000241413 
10 4 3   -0.0000297084    0.0003660571   -0.0003297050 
10 4 4   -0.0000148651    0.0001795888   -0.0001658034 
10 7 3    0.0000360888   -0.0000482531    0.0000453971 
10 7 4    0.0000258319   -0.0000335673    0.0000309222 
10 8 3    0.0001782068   -0.0002517759    0.0002431127 
10 8 4    0.0001274885   -0.0001750896    0.0001658375 
10 9 12    0.0000555944    0.0000085657    0.0000084427 
10 9 13    0.0007450731    0.0001714094    0.0000528631 
10 10 12    0.0002370488    0.0000345538    0.0000359657 
10 10 13    0.0031748154    0.0007042653    0.0002251346 
10 12 7   -0.0006790053   -0.0006664477   -0.0002909114 
10 12 8   -0.0005525009   -0.0005428012   -0.0002580456 
10 13 7   -0.0005882169   -0.0005797357   -0.0002189219 
10 13 8   -0.0004787270   -0.0004710412   -0.0001978426 
10 13 9    0.0000076855    0.0000506223   -0.0000517171 
10 13 10    0.0002521885    0.0015211731   -0.0015489905 
10 14 3    0.0004236720    0.0000564973   -0.0001324837 
10 14 4    0.0000348650    0.0000025268   -0.0000104181 
10 14 9    0.0000037368    0.0000098926   -0.0000080560 
10 14 10    0.0000496520    0.0001651094   -0.0002046971 
10 15 3    0.0025915065    0.0002943846   -0.0007773145 
10 15 4    0.0002139732    0.0000105091   -0.0000600962 
10 15 9    0.0000448185    0.0000804872   -0.0002238123 
10 15 10    0.0005669967    0.0006711594   -0.0057287643 
10 16 13    0.0003649949   -0.0004210152   -0.0007887237 
10 16 14    0.0012395060   -0.0014055259   -0.0025278183 
10 17 13    0.0000388218   -0.0000455290   -0.0000881930 
10 17 14    0.0001332670   -0.0001525696   -0.0002816253 
11 2 13    0.0000758692    0.0001252110    0.0000022117 
11 2 14    0.0001847905    0.0002971014   -0.0000037505 
11 3 13    0.0001611908    0.0002559519   -0.0000022698 
11 3 14    0.0003944403    0.0006085215   -0.0000243576 
11 5 20    0.0013211490    0.0012523592   -0.0005355253 
11 5 21    0.0003077544    0.0003109454   -0.0001239214 
11 6 20    0.0014997756    0.0014168693   -0.0006008475 
11 6 21    0.0003492630    0.0003518634   -0.0001389332 
11 7 8    0.0004195537    0.0000882777   -0.0000408929 
11 7 9    0.0005210159    0.0001096636   -0.0000517962 
11 8 1   -0.0001324352   -0.0001749341    0.0002168182 
11 8 2   -0.0000063831   -0.0000082377    0.0000083936 
11 8 8    0.0001431090    0.0000326646   -0.0000058993 
11 8 9    0.0001776461    0.0000405962   -0.0000076780 
11 8 15    0.0001747857   -0.0000617386   -0.0001155799 
11 8 16    0.0014661780   -0.0006259953   -0.0010604429 
11 9 1   -0.0013430259   -0.0023173612    0.0034643730 
11 9 2   -0.0000686442   -0.0001020934    0.0001295889 
11 9 15    0.0004234796   -0.0001430108   -0.0002761043 
11 9 16    0.0035285354   -0.0014642510   -0.0024913836 
11 12 7   -0.0001147688   -0.0001082423   -0.0000462178 
11 12 8   -0.0000933415   -0.0000881351   -0.0000412083 
11 13 7   -0.0000994978   -0.0000942178   -0.0000344549 
11 13 8   -0.0000809369   -0.0000765254   -0.0000313651 
11 14 3    0.0001784720    0.0000225947   -0.0000538047 
11 14 4    0.0000147307    0.0000009242   -0.0000041691 
11 15 3    0.0010921356    0.0001161272   -0.0003145907 
11 15 4    0.0003064247   -0.0006275655    0.0002005067 
11 15 5    0.0007051039   -0.0020580139    0.0003483812 
11 16 4    0.0001270929   -0.0003853513    0.0001232496 
11 16 5    0.0004197739   -0.0012609615    0.0001688396 
11 16 13    0.0001038830   -0.0001265651   -0.0002558405 
11 16 14    0.0003548589   -0.0004220151   -0.0008169459 
11 17 13    0.0000109094   -0.0000136520   -0.0000287432 
11 17 14    0.0000376439   -0.0000456330   -0.0000914903 
11 18 13    0.0002020171   -0.0004746079   -0.0008678034 
11 18 14    0.0004782977   -0.0009306264   -0.0017316461 
11 19 13    0.0000307734   -0.0000560057   -0.0000989160 
11 19 14    0.0000717197   -0.0001096562   -0.0001958625 
12 1 18    0.0000241402    0.0000113325   -0.0000337710 
12 1 19    0.0000078970    0.0000045122   -0.0000111685 
12 2 18    0.0006351179   -0.0000384716   -0.0010329251 
12 2 19    0.0002114858   -0.0000013804   -0.0003465904 
12 5 20    0.0002549257    0.0002477115   -0.0001021015 
12 5 21    0.0000595598    0.0000616428   -0.0000235873 
12 6 20    0.0002893661    0.0002803034   -0.0001145377 
12 6 21    0.0000675872    0.0000697683   -0.0000264402 
12 7 8    0.0012554897    0.0002218117   -0.0002478693 
12 7 9    0.0015594702    0.0002751713   -0.0003110232 
12 8 1   -0.0000152028   -0.0000181118    0.0000182103 
12 8 2   -0.0000007177   -0.0000008896    0.0000007264 
12 8 8    0.0004289932    0.0000825046   -0.0000584635 
12 8 9    0.0005326573    0.0001024226   -0.0000737106 
12 8 15    0.0000328982   -0.0000109396   -0.0000220305 
12 8 16    0.0002753422   -0.0001146159   -0.0002002486 
12 9 1   -0.0001708789   -0.0002168166    0.0002713645 
12 9 2   -0.0000081848   -0.0000102199    0.0000105414 
12 9 15    0.0000797430   -0.0000250704   -0.0000527566 
12 9 16    0.0006630037   -0.0002671254   -0.0004712396 
12 10 20    0.0016780486   -0.0000106313   -0.0013875127 
12 10 21    0.0006783288    0.0000271183   -0.0005738286 
12 11 20    0.0011813232    0.0000622088   -0.0010031004 
12 11 21    0.0004770650    0.0000484095   -0.0004173639 
12 15 4    0.0000492852   -0.0001460516    0.0000554382 
12 15 5    0.0001591429   -0.0004750252    0.0000933336 
12 16 4    0.0000289451   -0.0000891345    0.0000306602 
12 16 5    0.0000945225   -0.0002908970    0.0000468887 
12 18 7    0.0000381859   -0.0000323539    0.0001984689 
12 18 8    0.0000140059   -0.0000122135    0.0000717236 
12 18 13    0.0000120321   -0.0000388798   -0.0000705360 
12 18 14    0.0000292598   -0.0000763059   -0.0001411902 
12 19 7    0.0000168926   -0.0000136829    0.0000852927 
12 19 8    0.0000061816   -0.0000051622    0.0000308222 
12 19 13    0.0000019005   -0.0000045824   -0.0000080962 
12 19 14    0.0000045106   -0.0000089857   -0.0000161058 
13 1 1   -0.0000948679    0.0000352886   -0.0000590146 
13 1 2   -0.0000461838    0.0000171391   -0.0000353275 
13 1 18    0.0000156689    0.0000072179   -0.0000225761 
13 1 19    0.0000051226    0.0000028869   -0.0000074700 
13 2 1   -0.0001409470    0.0000494501   -0.0000853985 
13 2 2   -0.0000685498    0.0000240269   -0.0000512176 
13 2 18    0.0004139115   -0.0000298338   -0.0006853141 
13 2 19    0.0001377876   -0.0000024564   -0.0002299768 
13 3 17    0.0001127929    0.0000095821    0.0000671615 
13 3 18    0.0000338413    0.0000036146    0.0000220996 
13 4 17    0.0003826051    0.0000279479    0.0003172767 
13 4 18    0.0001117621    0.0000096098    0.0001064020 
13 7 16   -0.0000726866   -0.0003658180   -0.0004449107 
13 7 17   -0.0000021643   -0.0000054199    0.0000113619 
13 7 18    0.0001549812    0.0000657997    0.0010846386 
13 8 16   -0.0000897606   -0.0003637279   -0.0004264518 
13 8 17   -0.0000021971   -0.0000048784    0.0000097955 
13 8 18    0.0001386998    0.0000735457    0.0009819893 
13 10 13    0.0022218089    0.0011108692   -0.0016189050 
13 10 14    0.0002018613    0.0000814565   -0.0001118902 
13 10 20    0.0005920110    0.0000473974   -0.0005318281 
13 10 21    0.0002391159    0.0000312836   -0.0002211791 
13 11 7   -0.0000425347   -0.0000433239   -0.0000709008 
13 11 8   -0.0004110635   -0.0002317288   -0.0018327926 
13 11 13    0.0002364317    0.0001263635   -0.0001980648 
13 11 14    0.0000204424    0.0000084262   -0.0000121026 
13 11 16    0.0011623349   -0.0001079444   -0.0007952002 
13 11 17    0.0001364496   -0.0000183650   -0.0001169376 
13 11 20    0.0004157406    0.0000607115   -0.0003879877 
13 11 21    0.0001677193    0.0000335678   -0.0001622536 
13 12 7   -0.0000240586   -0.0000266251   -0.0000377513 
13 12 8   -0.0002700304   -0.0001931349   -0.0009318431 
13 12 16    0.0007297203   -0.0000502414   -0.0004239929 
13 12 17    0.0000864852   -0.0000093526   -0.0000621613 
13 12 20   -0.0002385414   -0.0001868226    0.0000793114 
13 12 21   -0.0000190216   -0.0000163012    0.0000001483 
13 13 20   -0.0004013347   -0.0003161826    0.0001487929 
13 13 21   -0.0000325403   -0.0000286285    0.0000031206 
13 15 1   -0.0000139365    0.0000845927    0.0000134906 
13 15 2   -0.0000259819    0.0002341576   -0.0000211222 
13 15 13   -0.0000047707   -0.0000078692    0.0000059186 
13 15 14   -0.0000018979   -0.0000043269    0.0000025173 
13 16 1   -0.0000229402    0.0001151965    0.0000366184 
13 16 2   -0.0000448184    0.0003213498    0.0000101243 
13 16 13   -0.0000706787   -0.0002478929    0.0001095068 
13 16 14   -0.0000248551   -0.0001401404    0.0000370798 
13 18 7    0.0006491894   -0.0005168903    0.0033724566 
13 18 8    0.0002365524   -0.0001952759    0.0012192382 
13 19 7    0.0002896862   -0.0002259272    0.0014575607 
13 19 8    0.0001053901   -0.0000852867    0.0005269754 
14 1 1   -0.0005568650    0.0002101243   -0.0003774616 
14 1 2   -0.0002718954    0.0001013351   -0.0002245242 
14 2 1   -0.0008267320    0.0002948975   -0.0005467749 
14 2 2   -0.0004032617    0.0001422317   -0.0003257248 
14 3 10   -0.0000052144    0.0000058935    0.0000014649 
14 3 11   -0.0001908544    0.0001842331    0.0000519774 
14 3 17    0.0003374056    0.0000253280    0.0002412097 
14 3 18    0.0000999774    0.0000093493    0.0000800791 
14 4 10   -0.0000203686    0.0000229248    0.0000060175 
14 4 11   -0.0007439065    0.0007108809    0.0002126736 
14 4 17    0.0011094834    0.0000543875    0.0011438600 
14 4 18    0.0003169717    0.0000169197    0.0003861102 
14 7 16   -0.0000270145   -0.0001454302   -0.0001786096 
14 7 17   -0.0000009120   -0.0000023034    0.0000048899 
14 7 18    0.0000616127    0.0000214951    0.0004539328 
14 8 16   -0.0000337986   -0.0001445871   -0.0001712714 
14 8 17   -0.0000009125   -0.0000020655    0.0000042150 
14 8 18    0.0000553965    0.0000254561    0.0004102480 
14 10 13    0.0015273758    0.0007336862   -0.0010577424 
14 10 14    0.0001427561    0.0000569373   -0.0000781723 
14 10 17   -0.0008119834   -0.0001019949   -0.0019632789 
14 10 18   -0.0003127070    0.0000019131   -0.0008630987 
14 11 7   -0.0000307661   -0.0000295921   -0.0000505073 
14 11 8   -0.0002861006   -0.0001387337   -0.0013312832 
14 11 13    0.0001606485    0.0000818677   -0.0001266196 
14 11 14    0.0000143413    0.0000057636   -0.0000082868 
14 11 16    0.0000397809    0.0000162371    0.0000024846 
14 11 17   -0.0000119269    0.0000014764   -0.0000499179 
14 11 18   -0.0000067844    0.0000005612   -0.0000222389 
14 12 7   -0.0000174446   -0.0000182849   -0.0000267920 
14 12 8   -0.0001905987   -0.0001236124   -0.0006747516 
14 12 16    0.0000213830    0.0000080899    0.0000006051 
14 12 17    0.0000030059    0.0000012253    0.0000001870 
14 12 20   -0.0005791314   -0.0004641473    0.0001185326 
14 12 21   -0.0000446969   -0.0000364447   -0.0000126704 
14 13 20   -0.0009787278   -0.0007985916    0.0002557333 
14 13 21   -0.0000770811   -0.0000666313   -0.0000113998 
14 15 1   -0.0000017084    0.0000049910   -0.0000029317 
14 15 2   -0.0000034069    0.0000138472   -0.0000099018 
14 15 13   -0.0000138008   -0.0000241727    0.0000161462 
14 15 14   -0.0000055397   -0.0000133831    0.0000065810 
14 16 1   -0.0000027524    0.0000067783   -0.0000034368 
14 16 2   -0.0000056185    0.0000189760   -0.0000124145 
14 16 13   -0.0002101391   -0.0007712278    0.0002722385 
14 16 14   -0.0000775639   -0.0004390423    0.0000765690 
14 17 2   -0.0003720238   -0.0000027002   -0.0000905473 
14 17 3   -0.0003263927    0.0000113154   -0.0000919162 
14 18 2   -0.0003299817    0.0000046645   -0.0000861637 
14 18 3   -0.0002874983    0.0000174359   -0.0000883282 
14 19 7    0.0000016109   -0.0000056942    0.0000142123 
14 19 8    0.0000009910   -0.0000034948    0.0000087737 
14 19 12   -0.0000630821    0.0000771294   -0.0002873464 
14 19 13   -0.0001186682    0.0000957338   -0.0004014990 
14 20 7    0.0000232226   -0.0000694076    0.0001648003 
14 20 8    0.0000144523   -0.0000427226    0.0001019875 
14 20 12   -0.0000849981    0.0000428337   -0.0001617008 
14 20 13   -0.0001395035    0.0000531137   -0.0002251600 
15 3 10   -0.0000190373    0.0000222939    0.0000050300 
15 3 11   -0.0006963238    0.0007086442    0.0001723341 
15 4 10   -0.0000744041    0.0000868484    0.0000207188 
15 4 11   -0.0027161313    0.0027429301    0.0007082177 
15 10 17   -0.0004289681   -0.0000509091   -0.0010324744 
15 10 18   -0.0001652997    0.0000019720   -0.0004539769 
15 11 2   -0.0008112606    0.0029520880    0.0005368113 
15 11 3   -0.0003159894    0.0012557662    0.0001953146 
15 11 16    0.0006890519    0.0007357967    0.0007042213 
15 11 17    0.0001138803    0.0001272894    0.0000847114 
15 11 18   -0.0000035882    0.0000003130   -0.0000116999 
15 12 2   -0.0001644923    0.0005723199    0.0001038601 
15 12 3   -0.0000640338    0.0002434556    0.0000377250 
15 12 16    0.0002906722    0.0003215328    0.0003434930 
15 12 17    0.0000523108    0.0000562292    0.0000539434 
15 15 9   -0.0000895750   -0.0000193050    0.0000004094 
15 15 10   -0.0005491865   -0.0000747643    0.0000534718 
15 16 9   -0.0000126297   -0.0000037335   -0.0000011127 
15 16 10   -0.0000770905   -0.0000166228    0.0000003821 
15 17 2   -0.0006013934   -0.0000097813   -0.0001343527 
15 17 3   -0.0005302210    0.0000114962   -0.0001355940 
15 18 2   -0.0005349982    0.0000015305   -0.0001271920 
15 18 3   -0.0004688070    0.0000208849   -0.0001297196 
15 19 7    0.0000245203   -0.0001156676    0.0002853885 
15 19 8    0.0000149663   -0.0000709926    0.0001761195 
15 19 12   -0.0000541863    0.0000371039   -0.0001336647 
15 19 13   -0.0000917523    0.0000462078   -0.0001863836 
15 20 7    0.0003767741   -0.0014098127    0.0033089701 
15 20 8    0.0002338034   -0.0008678058    0.0020471574 
15 20 12   -0.0000577457    0.0000211941   -0.0000738256 
15 20 13   -0.0000916125    0.0000265039   -0.0001024843 
16 9 15    0.0008724163    0.0005170115    0.0007530589 
16 9 16    0.0001394423    0.0000731332    0.0001221824 
16 10 15    0.0015223655    0.0008530568    0.0013268681 
16 10 16    0.0002443744    0.0001199367    0.0002162309 
16 11 2   -0.0000196933    0.0000855908    0.0000085939 
16 11 3   -0.0000087744    0.0000374743    0.0000028417 
16 12 2   -0.0000039709    0.0000165933    0.0000016512 
16 12 3   -0.0000017641    0.0000072665    0.0000005454 
16 15 9   -0.0003491982   -0.0001328720   -0.0000677811 
16 15 10   -0.0021190825   -0.0006331574   -0.0002068202 
16 16 9   -0.0000496428   -0.0000228739   -0.0000142386 
16 16 10   -0.0002998940   -0.0001136861   -0.0000570289 
16 19 7    0.0003820733   -0.0002426619   -0.0001452771 
16 19 8    0.0002230489   -0.0001468365   -0.0000813323 
16 20 7    0.0003387570   -0.0002156450   -0.0001330550 
16 20 8    0.0001980527   -0.0001306081   -0.0000741791 
16 20 11    0.0000452137   -0.0000008877   -0.0000017944 
16 20 12    0.0004729373   -0.0000112022   -0.0000324022 
16 21 11    0.0001707808   -0.0000038318   -0.0000066840 
16 21 12    0.0017790176   -0.0000494114   -0.0001161444 
17 1 13   -0.0001809121   -0.0016498796   -0.0010098188 
17 1 14   -0.0000420213   -0.0005539340   -0.0003298257 
17 2 13   -0.0002498528   -0.0020935019   -0.0012993599 
17 2 14   -0.0000595415   -0.0006996693   -0.0004236972 
17 8 20   -0.0000181140    0.0001543648   -0.0000731386 
17 8 21   -0.0000160274    0.0000980127   -0.0000508649 
17 9 15    0.0005468946    0.0003170392    0.0004763352 
17 9 16    0.0000876942    0.0000447129    0.0000775890 
17 9 20   -0.0000115783    0.0000944226   -0.0000452316 
17 9 21   -0.0000101522    0.0000599404   -0.0000314721 
17 10 7    0.0001097866   -0.0001136948   -0.0000519481 
17 10 8    0.0000723336   -0.0000750350   -0.0000307061 
17 10 15    0.0009551091    0.0005225600    0.0008398581 
17 10 16    0.0001537991    0.0000732237    0.0001373860 
17 10 20   -0.0000998056    0.0001255115    0.0001268927 
17 10 21   -0.0000218327    0.0000243866    0.0000240586 
17 11 7    0.0000097360   -0.0000102281   -0.0000032172 
17 11 8    0.0000065481   -0.0000068799   -0.0000020150 
17 11 20   -0.0000065094    0.0000063916    0.0000067317 
17 11 21   -0.0000014485    0.0000011972    0.0000012321 
17 12 17    0.0001221550    0.0001828504   -0.0001127899 
17 12 18    0.0000137606    0.0000052562   -0.0000130693 
17 13 17    0.0004572977    0.0007588391   -0.0004298269 
17 13 18    0.0000523259    0.0000224214   -0.0000489945 
17 14 13   -0.0009413657    0.0003947690   -0.0001754992 
17 14 14   -0.0000519707    0.0000222355   -0.0000124763 
17 14 17   -0.0000912355   -0.0001103594   -0.0000583437 
17 14 18   -0.0000639772   -0.0000755486   -0.0000805113 
17 15 13   -0.0004575392    0.0001881271   -0.0000821241 
17 15 14   -0.0000252416    0.0000105828   -0.0000058795 
17 15 17   -0.0005577021   -0.0006741249   -0.0004424649 
17 15 18   -0.0003884883   -0.0004616971   -0.0005715593 
17 19 7    0.0004583212   -0.0003030171   -0.0001779321 
17 19 8    0.0002673418   -0.0001827943   -0.0001001849 
17 20 7    0.0004065639   -0.0002694313   -0.0001625377 
17 20 8    0.0002374846   -0.0001626633   -0.0000911461 
17 20 11    0.0000877569   -0.0000013751   -0.0000041182 
17 20 12    0.0009146195   -0.0000184980   -0.0000671577 
17 20 19   -0.0000718706    0.0000550336   -0.0000535911 
17 20 20   -0.0000194776    0.0000147086   -0.0000135437 
17 21 11    0.0003318191   -0.0000060789   -0.0000156145 
17 21 12    0.0034441638   -0.0000830814   -0.0002442000 
17 21 19   -0.0007084501    0.0005246112   -0.0004320462 
17 21 20   -0.0001935597    0.0001423391   -0.0001088295 
18 1 13   -0.0000533744   -0.0003786716   -0.0002399648 
18 1 14   -0.0000132456   -0.0001255286   -0.0000780172 
18 2 12   -0.0002869279    0.0000562054    0.0001244057 
18 2 13   -0.0002244102   -0.0004525014   -0.0002438152 
18 2 14   -0.0000183170   -0.0001591171   -0.0001003485 
18 3 12   -0.0001290124    0.0000244955    0.0000580198 
18 3 13   -0.0000681955    0.0000129983    0.0000304817 
18 4 3   -0.0005673957   -0.0008374123    0.0001813677 
18 4 4   -0.0000381587   -0.0000512504    0.0000057044 
18 4 10    0.0015548605   -0.0000804135   -0.0006109307 
18 4 11    0.0012122199   -0.0000489023   -0.0004564462 
18 5 3   -0.0013443198   -0.0020187266    0.0004735538 
18 5 4   -0.0000898626   -0.0001236930    0.0000166777 
18 5 10    0.0002725058   -0.0000009833   -0.0000781339 
18 5 11    0.0002132016    0.0000013741   -0.0000575426 
18 8 20   -0.0004995532    0.0014361110   -0.0010096114 
18 8 21   -0.0003932896    0.0009287085   -0.0007260979 
18 9 20   -0.0003123575    0.0008781797   -0.0006253753 
18 9 21   -0.0002454213    0.0005678629   -0.0004498971 
18 10 7    0.0014015031   -0.0014859025   -0.0008788964 
18 10 8    0.0009068781   -0.0009638855   -0.0005057843 
18 10 20   -0.0015985918    0.0020238436    0.0017690180 
18 10 21   -0.0003388464    0.0004017399    0.0003446529 
18 11 7    0.0001183321   -0.0001279505   -0.0000504429 
18 11 8    0.0000786547   -0.0000849202   -0.0000301841 
18 11 20   -0.0000981285    0.0001083413    0.0000979964 
18 11 21   -0.0000210991    0.0000211191    0.0000187038 
18 12 17    0.0001728999    0.0003128578   -0.0001661432 
18 12 18    0.0000201251    0.0000095093   -0.0000187231 
18 13 17    0.0006440028    0.0012969354   -0.0006366939 
18 13 18    0.0000764311    0.0000402225   -0.0000702220 
18 14 13   -0.0025819198    0.0010534964   -0.0004173127 
18 14 14   -0.0001422438    0.0000590547   -0.0000305391 
18 14 17   -0.0000159235   -0.0000183218   -0.0000142623 
18 14 18   -0.0000111013   -0.0000124783   -0.0000177245 
18 15 13   -0.0012556206    0.0005024675   -0.0001946312 
18 15 14   -0.0000691256    0.0000281272   -0.0000143677 
18 15 17   -0.0000971636   -0.0001119378   -0.0001038440 
18 15 18   -0.0000672210   -0.0000762618   -0.0001237715 
18 17 7   -0.0001200362   -0.0000211696   -0.0008768745 
18 17 8   -0.0000048226    0.0000012173   -0.0000648118 
18 18 7   -0.0001298980   -0.0000457527   -0.0006731075 
18 18 8   -0.0000065291   -0.0000013195   -0.0000493907 
18 20 19   -0.0003204504    0.0002428136   -0.0002452077 
18 20 20   -0.0000866579    0.0000647740   -0.0000620041 
18 21 19   -0.0031409791    0.0023027715   -0.0019850743 
18 21 20   -0.0008564059    0.0006235211   -0.0005008496 
19 2 12   -0.0030962073    0.0006648304    0.0011149455 
19 2 13   -0.0016263774    0.0004359450    0.0006322533 
19 3 12   -0.0010153485    0.0003473674   -0.0002793181 
19 3 13   -0.0005190962    0.0003334790   -0.0000638317 
19 4 3   -0.0006158299   -0.0008506657    0.0001480585 
19 4 4   -0.0000423954   -0.0000522680    0.0000021330 
19 4 10    0.0015330468   -0.0000316934   -0.0004938335 
19 4 11    0.0011979692   -0.0000120786   -0.0003657798 
19 5 3   -0.0014527842   -0.0020519020    0.0004008101 
19 5 4   -0.0000994003   -0.0001263005    0.0000087287 
19 5 10    0.0002718650    0.0000065141   -0.0000585932 
19 5 11    0.0002131737    0.0000070636   -0.0000423557 
19 16 9   -0.0008145965    0.0014801959   -0.0010036331 
19 16 10   -0.0007556847    0.0013419097   -0.0009462608 
19 17 7   -0.0000845370   -0.0000177697   -0.0004692076 
19 17 8   -0.0000040976    0.0000001485   -0.0000345508 
19 17 9   -0.0000813790    0.0001557569   -0.0000987286 
19 17 10   -0.0000758101    0.0001413013   -0.0000937228 
19 17 13   -0.0002077816   -0.0002864543    0.0001340447 
19 17 14   -0.0012040134   -0.0016719552    0.0007460909 
19 18 7   -0.0002338245    0.0000814206   -0.0002267507 
19 18 8   -0.0000674102    0.0000368455    0.0000295607 
19 18 11   -0.0002989387    0.0001482438   -0.0008067481 
19 18 12   -0.0000113427   -0.0000046660   -0.0000167300 
19 18 13   -0.0002583667    0.0001350286   -0.0000433564 
19 18 14   -0.0007144534   -0.0010023241    0.0004201905 
19 19 7   -0.0006888943    0.0003622531    0.0006393143 
19 19 8   -0.0002879606    0.0001188889    0.0002650859 
19 19 11   -0.0000203761    0.0000023894   -0.0000533382 
19 19 12   -0.0000007144   -0.0000005043   -0.0000011407 
19 19 13   -0.0000080551    0.0000174192   -0.0000071849 
20 1 20    0.0049220150   -0.0010893018   -0.0012211494 
20 1 21    0.0007696417   -0.0001462284   -0.0001809155 
20 2 12    0.0000594194    0.0000203135   -0.0001148968 
20 2 13    0.0000334341    0.0000269825   -0.0000514525 
20 2 20    0.0000406007    0.0000018653    0.0000044856 
20 2 21    0.0000065371    0.0000005254    0.0000009532 
20 3 12    0.0001042433    0.0000292717   -0.0002078931 
20 3 13    0.0000586752    0.0000446956   -0.0000931510 
20 4 10   -0.0003991857    0.0002833223   -0.0007375650 
20 4 11   -0.0000121087    0.0000082473   -0.0000222497 
20 5 10   -0.0005304216    0.0003428471   -0.0008710994 
20 5 11   -0.0000160662    0.0000099035   -0.0000263817 
20 9 8    0.0001493470   -0.0000716958    0.0000012346 
20 9 9    0.0002014241   -0.0000995214    0.0000002385 
20 10 8    0.0000718228   -0.0000350701    0.0000007914 
20 10 9    0.0000968906   -0.0000486799    0.0000003599 
20 16 9   -0.0003895119    0.0006863648   -0.0004840326 
20 16 10   -0.0003606034    0.0006220879   -0.0004548261 
20 17 9   -0.0000391134    0.0000722842   -0.0000479658 
20 17 10   -0.0000363440    0.0000655559   -0.0000453395 
20 17 13   -0.0001384391   -0.0001849376    0.0000986731 
20 17 14   -0.0008022769   -0.0010773094    0.0005531157 
20 17 19    0.0000281201   -0.0000109954    0.0000038206 
20 17 20    0.0000173974   -0.0000037630   -0.0000001529 
20 18 7   -0.0001200118    0.0000347643    0.0001075711 
20 18 8   -0.0000495164    0.0000102903    0.0000442688 
20 18 11   -0.0009336077    0.0003668265   -0.0024490251 
20 18 12   -0.0000337841   -0.0000164210   -0.0000513299 
20 18 13   -0.0004632673    0.0007448191   -0.0002999570 
20 18 14   -0.0004753840   -0.0006432008    0.0003142211 
20 18 19    0.0000399395   -0.0000170138    0.0000055471 
20 18 20    0.0000246693   -0.0000064792   -0.0000001807 
20 19 7   -0.0005431734    0.0000798640    0.0005022825 
20 19 8   -0.0002236003    0.0000169560    0.0002061996 
20 19 11   -0.0000633313    0.0000019320   -0.0001619756 
20 19 12   -0.0000021299   -0.0000016759   -0.0000034969 
20 19 13   -0.0000227378    0.0000485783   -0.0000214298 
21 1 20    0.0004852599   -0.0000206019   -0.0000141725 
21 1 21    0.0000767990   -0.0000006070   -0.0000003503 
21 2 20    0.0000045598    0.0000010747    0.0000021474 
21 2 21    0.0000007411    0.0000001963    0.0000003759 
21 4 10   -0.0006375340    0.0004668030   -0.0012759203 
21 4 11   -0.0000193639    0.0000136551   -0.0000383836 
21 5 10   -0.0008475785    0.0005622688   -0.0015083459 
21 5 11   -0.0000257020    0.0000163251   -0.0000455423 
21 9 8    0.0005195997   -0.0002961214    0.0000169364 
21 9 9    0.0007035287   -0.0004116218    0.0000152442 
21 10 8    0.0002502328   -0.0001448589    0.0000085481 
21 10 9    0.0003389028   -0.0002013540    0.0000077895 
21 17 19    0.0001785248   -0.0001077312    0.0000367901 
21 17 20    0.0001192348   -0.0000610315    0.0000137985 
21 18 19    0.0002540178   -0.0001594714    0.0000535346 
21 18 20    0.0001695451   -0.0000919134    0.0000203709 
