27   11.0580677380   43.0713265964   45.9552796151 
11   71.1953140042   71.0280755303  -89.2418728939 
92  -52.0220303429  -45.7782782920   -7.5766035736 
41   35.9659019797  -52.8291452299   49.8929410418 
20  -45.8312041881   54.4106464847   53.2936289424 
10   24.1315421131  -12.7776301031    6.8572670457 
75  -47.2224669561  -10.5069472523   71.0745322717 
44   28.0923710775  -22.5249997175   11.3861056432 
83   -2.6258651389   -4.7527898956   67.6362231199 
34  -59.5992092887  -43.7271485391  -40.3106058899 
89   67.5470643292  -10.2698707629    1.1834782987 
63   13.5386325016   27.2058694039   22.0397476264 
56  -67.3358466618    8.6484250356   21.3049666522 
16   47.3318018736  -40.7692201540  -21.3342034294 
81   37.3344278496   11.4708105957   21.8363147690 
82   61.7469541622  -14.0326497357  -74.7390972296 
80   33.3640603859  -30.5845264512  -28.8754549564 
69    5.7441449733   14.6542667762    2.4165683186 
60    0.8691273642  -15.2052357376  -46.0391915175 
43   41.6462776917  -11.7598821269   40.3572390258 
49    7.9149437991   58.4468515608   20.6931752776 
12   37.3117773069  -27.5751029619   51.3168067561 
58   16.8418945538   -5.4940459850  -51.9747102448 
8   58.2456599596   38.1748272519   76.8819548025 
30  -51.4613838681    3.8429436484   42.1835594863 
4  -24.6793981702   18.9087618588   69.9314784301 
3   28.8228936285  -19.1622163216   -3.7961699731 
88   47.1284499802  -68.2457212100  -63.3482629576 
62  -44.1135291603   35.3327339392   14.8740263386 
84   26.6210824155   44.6841275910   -0.5883162419 
67    3.1014466531   62.0708228992    0.8971226835 
73   47.2924208828   -2.8170957391   -2.5468262440 
90   64.9011839726  -43.2382361848    8.9431423628 
35   12.3579286945    1.0916332784   30.3472873941 
85   63.8023499673   41.5431280098   14.3241243543 
96  -52.6139609745  -61.7424190184   49.4044187882 
7   28.0188479953  -56.4447656951   18.3123433968 
39  -65.1766077499   56.3163974036   46.7344189149 
57   12.3789919928  -54.4481797897   10.9095840599 
15   -4.4790961169   26.3587892159   33.8112692750 
91   -1.0853935165   39.1883483059  -58.6422051201 
46   74.6620234020  -67.1901802679   68.6691429576 
17   45.4139009453   39.5723680102   24.6964297031 
33   63.1972802585  -38.4331650595  -29.8558308067 
55  -38.1940727751   -3.0995269975   48.8100966152 
95  -28.6400020368   41.6767237426  -37.8644492198 
22   39.4099347034  -66.0834652109  -52.8021279854 
87  -17.2164359324  -39.7331313436  -28.9567044490 
5   43.3638385131  -38.1454670167  -65.5353156158 
40  -59.3886553765  -21.8452022213  -53.3990991056 
100  -24.8835441377   48.9027944255   48.7553573258 
38  -14.1098839465  -40.1419872782   69.5671707799 
36  -10.7620664164   53.9861344327   19.1953044756 
53    3.1568839111  -66.6795408610   49.1800901739 
51   73.0927606165   12.7849679839   54.3754288847 
54  -13.9602634130  -21.0916792377  -26.2311013896 
25  -78.4596220272  -46.4978687656    6.0916024209 
97  -56.6542318037  -23.5743152504  -77.1459158474 
48   70.1276049208   28.3127834647    6.9460424883 
74   31.6480368126   59.8526999038   -9.4514648342 
94   66.1483645795   16.8822238062  -32.9435238234 
18  -41.6209827051  -27.2502408081    8.6210330796 
66  -21.3309567644    6.8517480734  -51.8702653554 
23   61.9171165837   62.2899296701  -59.9237461890 
99   13.3060408543  -35.0104828941  -10.8643985366 
2   -9.5097186478    5.0719801533   72.8760277720 
19    2.0589149218   43.9142491148   11.7889208287 
14   44.0131915728   40.4214622663   48.6665084228 
70  -38.1863335156    8.8171699761   11.8882962976 
24   48.7652547318   -2.7180755123   65.7827865328 
13   36.2779021212  -50.6923203138    6.4389330637 
59  -70.2066832395    6.4908209286   70.8672062693 
98   64.4326494968   20.9034973081   62.0167374478 
37   52.3933104763  -69.2989283740   24.7991177649 
6   15.3019815642  -55.1948855953  -48.3346408097 
65  -38.4139346848   33.2390489340  -67.3975175273 
86  -61.2374724625   49.9675331239   54.0911587825 
47   36.1534974728  -17.8264578813    7.3130891310 
77   32.3548053713   37.3406439588  -29.7271952125 
32  -61.4024088856  -24.3633734307   34.1888597738 
31   63.2586021590  -75.1146391062   15.6919703713 
9   64.8126492289  -41.6668141475   -8.8204687800 
71   69.4416166180  -68.6140593609  -66.8079181635 
28  -84.9499339624   14.4848403098  -44.6423207900 
50  -45.3357803129  -63.9740202901  -55.0381891212 
79  -24.2638323132  -66.4923212037   -4.2680772445 
21   -2.2027784570  -55.4626298744  -38.2148938694 
26   45.8649258421   60.3368238872   76.8859630416 
72  -54.9850188094  -61.9854662334    8.0034190199 
93  -19.8807447769   81.6184666289  -53.5001649216 
78   21.3348621076   -6.2342643426  -48.6844454928 
76  -16.8221876113   41.6864896462  -16.7629221697 
1   11.3764067790  -10.0693646387   59.6643213235 
68  -66.2491201874  -24.1874573135   32.2681863927 
52    8.7603083167  -22.7986011716  -28.6835549670 
42   30.0970440425   55.7364702132  -63.1096099219 
45  -46.5632448237   -2.2700355884   51.6123686211 
29  -41.4327843894   10.0203002640  -23.9384788403 
61   26.7929395799   17.7895624424   49.8729641743 
64  -58.5333666187  -67.9417349552  -78.2395901514 
1 2 3   -0.0000524704    0.0000783177   -0.0001687062 
1 2 4   -0.0001277857    0.0002096780   -0.0004569217 
1 3 3   -0.0000578707    0.0000992729   -0.0002197041 
1 3 4   -0.0001400148    0.0002670750   -0.0005985590 
1 7 15   -0.0000172360    0.0000136399   -0.0000291431 
1 7 16   -0.0000237373    0.0000171100   -0.0000373188 
1 8 15   -0.0000758668    0.0000568386   -0.0001241754 
1 8 16   -0.0001041883    0.0000713572   -0.0001591228 
1 11 11    0.0003257735    0.0002462863   -0.0001408345 
1 11 12    0.0000192423    0.0000146410   -0.0000098129 
1 12 3    0.0001263827   -0.0000421721    0.0000133341 
1 12 4    0.0008347344   -0.0002799626    0.0000700985 
1 12 11    0.0026173503    0.0020104087   -0.0012763723 
1 12 12    0.0001547498    0.0001202590   -0.0000875309 
1 13 3    0.0000293916   -0.0000090993    0.0000038264 
1 13 4    0.0001939469   -0.0000604832    0.0000210449 
1 14 17    0.0000345491    0.0000758770   -0.0000045339 
1 14 18   -0.0000237034    0.0005504413    0.0001520460 
1 15 17    0.0000524140    0.0001457363   -0.0000001611 
1 15 18   -0.0002229717    0.0010774052    0.0004295563 
2 2 3   -0.0001875256    0.0002636889   -0.0005615340 
2 2 4   -0.0004579767    0.0007046094   -0.0015168841 
2 3 3   -0.0002081192    0.0003333480   -0.0007286134 
2 3 4   -0.0005056563    0.0008951048   -0.0019801597 
2 7 15   -0.0003231479    0.0002923860   -0.0006185093 
2 7 16   -0.0004496682    0.0003654119   -0.0007896459 
2 8 4    0.0002532126    0.0000254816    0.0001851536 
2 8 5    0.0020574557    0.0002783301    0.0014298410 
2 8 15   -0.0014256724    0.0012164889   -0.0026286211 
2 8 16   -0.0019766928    0.0015215588   -0.0033582166 
2 8 20    0.0001209362    0.0000995313   -0.0000430601 
2 8 21    0.0001982512    0.0001639540   -0.0000722769 
2 9 4    0.0001416221    0.0000094727    0.0001016881 
2 9 5    0.0011504624    0.0001148829    0.0007844114 
2 9 20    0.0006381037    0.0004971801   -0.0002191194 
2 9 21    0.0010455009    0.0008191370   -0.0003678784 
2 11 11    0.0001582305    0.0001213594   -0.0000710760 
2 11 12    0.0000093525    0.0000072237   -0.0000049373 
2 12 3    0.0007071701   -0.0002101948    0.0001148934 
2 12 4    0.0046640933   -0.0013984862    0.0006537847 
2 12 11    0.0012722642    0.0009928259   -0.0006445639 
2 12 12    0.0000752759    0.0000594682   -0.0000440949 
2 13 3    0.0001651130   -0.0000448888    0.0000312952 
2 13 4    0.0010879443   -0.0002991879    0.0001818543 
2 14 9   -0.0000456302   -0.0001042761    0.0000505110 
2 14 10   -0.0002622584   -0.0006087824    0.0002785331 
2 14 17    0.0000025086    0.0000083300    0.0000003078 
2 14 18   -0.0000185162    0.0000620681    0.0000289366 
2 15 9   -0.0000586402   -0.0001347408    0.0000645764 
2 15 10   -0.0003370361   -0.0007866598    0.0003558611 
2 15 17    0.0000029048    0.0000160528    0.0000018773 
2 15 18   -0.0000598513    0.0001223836    0.0000751621 
2 19 18    0.0000377490    0.0000035630   -0.0001090967 
2 19 19    0.0000295173    0.0000062150   -0.0000735735 
2 20 18    0.0002706804    0.0000307533   -0.0007553012 
2 20 19    0.0002105616    0.0000476088   -0.0005104003 
3 5 1    0.0005673915   -0.0000094290   -0.0006152117 
3 5 2    0.0002382397    0.0001088018   -0.0002960322 
3 6 1    0.0002544992   -0.0001271881   -0.0002349751 
3 6 2    0.0001117572    0.0000215849   -0.0001290743 
3 8 4    0.0000221511    0.0000026429    0.0000158700 
3 8 5    0.0001799889    0.0000280187    0.0001223392 
3 8 20    0.0001388573    0.0001141802   -0.0000484871 
3 8 21    0.0002275239    0.0001880931   -0.0000814166 
3 9 4    0.0000123873    0.0000010390    0.0000087106 
3 9 5    0.0001006301    0.0000119227    0.0000670710 
3 9 20    0.0007347207    0.0005695873   -0.0002472745 
3 9 21    0.0012032182    0.0009384998   -0.0004152911 
3 12 8   -0.0002276583   -0.0002035495   -0.0007577035 
3 12 9   -0.0000429506   -0.0000416848   -0.0001451318 
3 13 8   -0.0001110103   -0.0001097263   -0.0002884771 
3 13 9   -0.0000211221   -0.0000220639   -0.0000553306 
3 14 9   -0.0001453682   -0.0003323777    0.0001569295 
3 14 10   -0.0008359145   -0.0019418731    0.0008653091 
3 14 14    0.0003757175   -0.0000010147   -0.0001992556 
3 14 15    0.0001640113    0.0000023838   -0.0000900548 
3 14 16   -0.0000068378    0.0000095578    0.0000086696 
3 14 17   -0.0000156537    0.0000230576    0.0000207558 
3 15 9   -0.0001868815   -0.0004296709    0.0002005012 
3 15 10   -0.0010746444   -0.0025103352    0.0011047777 
3 15 14    0.0001785440   -0.0000040878   -0.0000946424 
3 15 15    0.0000781682   -0.0000002749   -0.0000429795 
3 15 16   -0.0000197471    0.0000174884    0.0000166083 
3 15 17   -0.0000456229    0.0000422699    0.0000396829 
3 16 6    0.0000373796   -0.0000311065   -0.0000127407 
3 16 7    0.0000237515   -0.0000211615   -0.0000097191 
3 17 6    0.0001579907   -0.0001493786   -0.0000727091 
3 17 7    0.0001007771   -0.0001021073   -0.0000538707 
3 18 4   -0.0005333023   -0.0011100691   -0.0010956392 
3 18 5   -0.0009052657   -0.0018684528   -0.0018508029 
3 19 4   -0.0001074517   -0.0002093514   -0.0001910283 
3 19 5   -0.0001821592   -0.0003521985   -0.0003225492 
3 19 18    0.0000723285    0.0000165978   -0.0001855849 
3 19 19    0.0000556930    0.0000181894   -0.0001259038 
3 20 18    0.0005162252    0.0001265767   -0.0012877284 
3 20 19    0.0003958810    0.0001346983   -0.0008754888 
4 4 4    0.0000031297    0.0000076730    0.0000271423 
4 4 5    0.0000002572    0.0000023475    0.0000053109 
4 5 1    0.0002791182   -0.0000087487   -0.0003042071 
4 5 2    0.0001177794    0.0000534116   -0.0001472429 
4 5 4   -0.0002163375    0.0006065835    0.0008592791 
4 5 5   -0.0000662280    0.0001563289    0.0001724303 
4 5 6   -0.0000497595    0.0000814470   -0.0000186239 
4 6 1    0.0001245692   -0.0000661691   -0.0001152541 
4 6 2    0.0000551091    0.0000101537   -0.0000640142 
4 6 5   -0.0000221378    0.0000160745   -0.0000060954 
4 6 6   -0.0003238985    0.0005175803   -0.0001354418 
4 8 4    0.0001222115   -0.0001096962    0.0001893785 
4 8 5    0.0000334842   -0.0000304364    0.0000506347 
4 9 4   -0.0000090083   -0.0000032856   -0.0000140822 
4 9 5   -0.0000027361   -0.0000010455   -0.0000047618 
4 10 4   -0.0005267259   -0.0003804123   -0.0003470498 
4 10 5   -0.0001555360   -0.0001095526   -0.0001098788 
4 12 8   -0.0014255057   -0.0013181801   -0.0036256224 
4 12 9   -0.0002711210   -0.0002657169   -0.0006951081 
4 12 12    0.0000152659    0.0000009215    0.0000031314 
4 12 13    0.0000001448    0.0000003628   -0.0000002485 
4 12 14    0.0000051851   -0.0000016655    0.0000126084 
4 13 8   -0.0006801002   -0.0006722811   -0.0013891932 
4 13 9   -0.0001300954   -0.0001339538   -0.0002667036 
4 13 12    0.0000135551    0.0000013312    0.0000022249 
4 13 13    0.0000001364    0.0000003438   -0.0000002519 
4 13 14    0.0000044714   -0.0000014363    0.0000108731 
4 14 14    0.0004701917    0.0000003464   -0.0002551022 
4 14 15    0.0002052430    0.0000036404   -0.0001150605 
4 14 16   -0.0001013438    0.0003225015    0.0003034793 
4 14 17   -0.0002226751    0.0007763989    0.0007296281 
4 15 8    0.0000024700    0.0000156003   -0.0000012572 
4 15 9    0.0000207786    0.0001523972   -0.0000055066 
4 15 14    0.0002234528   -0.0000042911   -0.0001213024 
4 15 15    0.0000978246   -0.0000000087   -0.0000549632 
4 15 16   -0.0003659132    0.0005993178    0.0005720568 
4 15 17   -0.0008314859    0.0014448312    0.0013725858 
4 16 6    0.0003065579   -0.0002849928   -0.0001295327 
4 16 7    0.0001952245   -0.0001946253   -0.0000969672 
4 16 8    0.0000104616    0.0000622057   -0.0000060097 
4 16 9    0.0000881951    0.0006046906   -0.0000328761 
4 16 16    0.0000735988    0.0001289519   -0.0000192657 
4 16 17    0.0001388902    0.0002711159   -0.0000631784 
4 17 6    0.0013011114   -0.0013782415   -0.0007185514 
4 17 7    0.0008321411   -0.0009454259   -0.0005262609 
4 17 16    0.0002369483    0.0003799212   -0.0000539435 
4 17 17    0.0004487789    0.0007998854   -0.0001837248 
4 18 4   -0.0000482673   -0.0000949816   -0.0000912185 
4 18 5   -0.0000818837   -0.0001598775   -0.0001540776 
4 19 4   -0.0000096055   -0.0000178523   -0.0000160038 
4 19 5   -0.0000162767   -0.0000300346   -0.0000270194 
5 4 4    0.0000011915    0.0000142648    0.0000314699 
5 4 5   -0.0000002556    0.0000039061    0.0000061840 
5 5 4   -0.0003750540    0.0009556601    0.0010364026 
5 5 5   -0.0000065145    0.0005369134    0.0003096279 
5 5 6   -0.0001100016    0.0001499870   -0.0000391892 
5 6 4    0.0000127619    0.0000275043    0.0000056659 
5 6 5    0.0000623396    0.0003113045    0.0000726696 
5 6 6   -0.0007347085    0.0009598039   -0.0002854518 
5 8 4    0.0007381324   -0.0006544480    0.0011703980 
5 8 5    0.0002022425   -0.0001816982    0.0003128469 
5 8 6   -0.0000051430   -0.0000120989    0.0000303836 
5 8 7   -0.0000466473   -0.0000726073    0.0002386729 
5 9 4   -0.0000487588   -0.0000164466   -0.0000630094 
5 9 5   -0.0000147614   -0.0000050589   -0.0000213457 
5 9 6   -0.0000024379   -0.0000057898    0.0000154966 
5 9 7   -0.0000228201   -0.0000340427    0.0001219574 
5 10 4   -0.0029696372   -0.0022192994   -0.0017574460 
5 10 5   -0.0008752594   -0.0006370269   -0.0005507396 
5 11 18    0.0003554178    0.0003690218   -0.0009205631 
5 11 19    0.0000659057    0.0000785485   -0.0001853454 
5 12 12    0.0015916444    0.0004635640   -0.0001797027 
5 12 13    0.0005570405    0.0002511919   -0.0003866918 
5 12 14    0.0008253640    0.0001405404    0.0002859828 
5 12 18    0.0003168653    0.0002921851   -0.0007818738 
5 12 19    0.0000586802    0.0000624570   -0.0001571468 
5 13 12    0.0015231362    0.0004597018   -0.0002074337 
5 13 13    0.0008183928    0.0003643448   -0.0005829375 
5 13 14    0.0010804063    0.0002768768   -0.0000226275 
5 15 8    0.0000188836    0.0001027527   -0.0000162271 
5 15 9    0.0001604563    0.0009892608   -0.0001257297 
5 16 8    0.0000802073    0.0004125862   -0.0000700423 
5 16 9    0.0006822592    0.0039531256   -0.0005574523 
5 16 16    0.0000187797    0.0000390413   -0.0000097645 
5 16 17    0.0000356377    0.0000817972   -0.0000263636 
5 17 16    0.0000608419    0.0001152342   -0.0000285283 
5 17 17    0.0001159028    0.0002417132   -0.0000780853 
6 3 8    0.0000574232   -0.0000287704   -0.0000562686 
6 3 9    0.0000228557   -0.0000138348   -0.0000253151 
6 4 8    0.0004659481   -0.0002414045   -0.0004543463 
6 4 9    0.0001853099   -0.0001157958   -0.0002043221 
6 5 4    0.0000383553    0.0001764544    0.0000823552 
6 5 5    0.0001715345    0.0018030832    0.0010852060 
6 6 4    0.0000415429    0.0001634771    0.0000702016 
6 6 5    0.0002265999    0.0016703834    0.0009363121 
6 8 6   -0.0001032088   -0.0001927066    0.0004465405 
6 8 7   -0.0008859819   -0.0011734778    0.0035026303 
6 8 18    0.0000150972   -0.0000348517   -0.0000075132 
6 8 19    0.0000049338   -0.0000133676   -0.0000025849 
6 9 6   -0.0000494941   -0.0000923363    0.0002276049 
6 9 7   -0.0004345767   -0.0005521088    0.0017887223 
6 9 17    0.0006485016   -0.0021047424    0.0025898746 
6 9 18    0.0006395033   -0.0006770103   -0.0000133816 
6 9 19    0.0001878356   -0.0002064109   -0.0000782182 
6 10 17    0.0010787748   -0.0027536969    0.0036836383 
6 10 18    0.0001106574   -0.0001945369    0.0002956861 
6 11 18    0.0005929322    0.0006362866   -0.0015762768 
6 11 19    0.0001097057    0.0001354607   -0.0003174915 
6 12 13    0.0002142132    0.0000983501   -0.0001647509 
6 12 14    0.0002421283    0.0001058035   -0.0001795136 
6 12 18    0.0005294459    0.0005034849   -0.0013380219 
6 12 19    0.0000978471    0.0001076424   -0.0002690296 
6 13 13    0.0003306885    0.0001519968   -0.0002562875 
6 13 14    0.0003726855    0.0001630970   -0.0002785859 
7 3 8    0.0002441033   -0.0001546368   -0.0002779143 
7 3 9    0.0000977156   -0.0000742134   -0.0001267787 
7 4 7   -0.0009611795    0.0013425113    0.0018483268 
7 4 8    0.0013031871   -0.0003405958   -0.0009572699 
7 4 9    0.0007911379   -0.0006194045   -0.0010226637 
7 5 7   -0.0002107783    0.0002900946    0.0004066127 
7 5 8   -0.0001480932    0.0002059203    0.0002827379 
7 6 11    0.0007473160    0.0013731919    0.0018532024 
7 6 12    0.0004324825    0.0007952423    0.0010241216 
7 7 3   -0.0000007848    0.0000164877    0.0000010656 
7 7 4   -0.0000218675    0.0001310546    0.0000109034 
7 7 11    0.0000612521    0.0000902936    0.0001267029 
7 7 12    0.0000353760    0.0000523595    0.0000699025 
7 8 3    0.0000001612    0.0000049058    0.0000002179 
7 8 4   -0.0000041434    0.0000392189    0.0000027611 
7 8 18    0.0000124719   -0.0000357827   -0.0000060408 
7 8 19    0.0000040629   -0.0000137047   -0.0000020333 
7 9 12    0.0002743460   -0.0003408738   -0.0002358522 
7 9 13    0.0005419905   -0.0006839233   -0.0004928372 
7 9 17   -0.0000049472   -0.0001728360    0.0001372742 
7 9 18    0.0004797898   -0.0005658520   -0.0001813366 
7 9 19    0.0001574217   -0.0002148294   -0.0000677307 
7 10 12    0.0000089425   -0.0000140115   -0.0000107685 
7 10 13    0.0000177071   -0.0000281434   -0.0000223585 
7 10 17    0.0000010472   -0.0002255710    0.0001909606 
7 10 18    0.0000011565   -0.0000158938    0.0000147958 
7 11 12    0.0001422239    0.0000468309   -0.0001876718 
7 11 13    0.0003368426   -0.0000659400   -0.0010851329 
7 12 5   -0.0000413068   -0.0000606865    0.0001349772 
7 12 6   -0.0000834812   -0.0001092892    0.0001621554 
7 12 12    0.0001101719    0.0000308996   -0.0001595136 
7 12 13    0.0002444761   -0.0000904906   -0.0009213153 
7 13 5   -0.0000608408   -0.0001588124    0.0005212864 
7 13 6   -0.0002129131   -0.0003190073    0.0006247838 
7 14 4    0.0010723293    0.0005791894   -0.0010280133 
7 14 5    0.0000280357    0.0000230836   -0.0000466071 
7 14 17    0.0000005904    0.0000040148    0.0000053591 
7 14 18    0.0000001297    0.0000025066    0.0000028637 
7 15 4    0.0000767718    0.0000303603   -0.0000095317 
7 15 5    0.0000019494    0.0000012584   -0.0000012804 
7 15 17    0.0000059341    0.0002307382    0.0003008886 
7 15 18   -0.0000104017    0.0001478433    0.0001655059 
7 17 5   -0.0000143756    0.0000998250   -0.0000242187 
7 17 6   -0.0000009645    0.0000054285   -0.0000018111 
7 18 5    0.0000531350    0.0027399349   -0.0000461160 
7 18 6   -0.0000023332    0.0001489824   -0.0000161301 
8 3 9   -0.0000135057   -0.0002018769    0.0002120825 
8 3 10    0.0000019480   -0.0000051912    0.0000014408 
8 3 11    0.0000130481   -0.0001185508   -0.0000928525 
8 4 7   -0.0004235685    0.0005839854    0.0008115880 
8 4 8   -0.0002974908    0.0004144293    0.0005643660 
8 4 9   -0.0002615901   -0.0025878263    0.0027763803 
8 4 10    0.0000370300   -0.0000876966    0.0000190501 
8 4 11    0.0003915038   -0.0021621798   -0.0014153692 
8 5 7   -0.0000928758    0.0001261843    0.0001785463 
8 5 8   -0.0000652363    0.0000895604    0.0001241456 
8 6 11    0.0003508918    0.0006089139    0.0008202440 
8 6 12    0.0002029419    0.0003527232    0.0004528457 
8 6 17   -0.0004577433   -0.0002589613    0.0001881100 
8 6 18   -0.0001950907   -0.0001351582    0.0000977548 
8 7 3    0.0000714520    0.0001918799   -0.0001131740 
8 7 4    0.0002587675    0.0015137927   -0.0005943789 
8 7 11    0.0000287596    0.0000401982    0.0000560149 
8 7 12    0.0000166025    0.0000233161    0.0000308708 
8 7 17   -0.0000879619   -0.0000559001    0.0000382490 
8 7 18   -0.0000373140   -0.0000289902    0.0000198895 
8 8 3    0.0000292862    0.0000575599   -0.0000434133 
8 8 4    0.0001259273    0.0004549480   -0.0002312682 
8 8 6    0.0001517738   -0.0004206514   -0.0003999542 
8 8 7    0.0000276449   -0.0000890520   -0.0000871703 
8 8 14   -0.0000888806   -0.0007600651   -0.0004316406 
8 8 15   -0.0000115714   -0.0000963764   -0.0000607918 
8 9 6    0.0003807447   -0.0011470662   -0.0010951082 
8 9 7    0.0000686134   -0.0002445014   -0.0002399910 
8 9 12    0.0003287094   -0.0004140547   -0.0002917566 
8 9 13    0.0005480146   -0.0009034010   -0.0006687939 
8 9 14   -0.0010054759   -0.0022548689   -0.0013563803 
8 9 15   -0.0000267557   -0.0002164994   -0.0001350185 
8 10 12    0.0000107126   -0.0000170399   -0.0000132901 
8 10 13   -0.0005415062   -0.0004382554   -0.0003418153 
8 10 14   -0.0045384777   -0.0032014642   -0.0021219749 
8 11 12    0.0000720453    0.0000211386   -0.0001057365 
8 11 13    0.0001558996   -0.0000566783   -0.0006117372 
8 12 5   -0.0000232704   -0.0000314464    0.0000706061 
8 12 6   -0.0000455701   -0.0000565246    0.0000849237 
8 12 12    0.0000555163    0.0000132225   -0.0000898563 
8 12 13    0.0001101412   -0.0000665699   -0.0005193670 
8 13 5   -0.0000385112   -0.0000825319    0.0002724414 
8 13 6   -0.0001190460   -0.0001652545    0.0003269046 
8 14 1   -0.0004213291   -0.0004224134   -0.0009373773 
8 14 2   -0.0000538799   -0.0000792785   -0.0001209276 
8 14 4    0.0000890359    0.0000537559   -0.0001306190 
8 14 5    0.0000023558    0.0000021406   -0.0000053491 
8 14 17    0.0000042015    0.0000227628    0.0000323651 
8 14 18    0.0000012262    0.0000140498    0.0000172176 
8 15 1   -0.0005356142   -0.0006434509   -0.0011977568 
8 15 2   -0.0000679135   -0.0001116389   -0.0001539353 
8 15 4    0.0000063522    0.0000029517   -0.0000028825 
8 15 5    0.0000001622    0.0000001203   -0.0000001761 
8 15 17    0.0000829968    0.0012937866    0.0018001271 
8 15 18   -0.0000300635    0.0008187790    0.0009823750 
8 17 5   -0.0000004569    0.0000024117   -0.0000007365 
8 17 6   -0.0000000297    0.0000001312   -0.0000000527 
8 17 11    0.0000423998    0.0000645770   -0.0000367937 
8 17 12    0.0000073029    0.0000112698   -0.0000064095 
8 18 5   -0.0000013064    0.0000660698   -0.0000041065 
8 18 6   -0.0000002102    0.0000035942   -0.0000005731 
8 18 11    0.0011886680    0.0018615598   -0.0009836496 
8 18 12    0.0002024566    0.0003256329   -0.0001717723 
9 3 9   -0.0000077647   -0.0001122820    0.0001181279 
9 3 10    0.0000010824   -0.0000028943    0.0000007966 
9 3 11    0.0000070618   -0.0000663555   -0.0000521956 
9 4 9   -0.0001487382   -0.0014399493    0.0015469741 
9 4 10    0.0000206161   -0.0000489548    0.0000105433 
9 4 11    0.0002151200   -0.0012102298   -0.0007956850 
9 5 1    0.0003371192   -0.0000935542   -0.0002737463 
9 5 2    0.0001637055   -0.0000733149   -0.0001381052 
9 6 1    0.0008788901   -0.0005974175   -0.0007446268 
9 6 2    0.0004208549   -0.0003951876   -0.0003798393 
9 6 7    0.0000306489    0.0005369968   -0.0008481146 
9 6 8    0.0000375746    0.0009581842   -0.0015505891 
9 6 17   -0.0010152940   -0.0004517484    0.0003165130 
9 6 18   -0.0004397144   -0.0002380200    0.0001641191 
9 6 20    0.0004504444    0.0007035998   -0.0004917328 
9 6 21    0.0004222406    0.0007019609   -0.0005557712 
9 7 7    0.0000004284    0.0000392706   -0.0000755001 
9 7 8   -0.0000006730    0.0000696697   -0.0001389306 
9 7 15    0.0000043976    0.0000080959   -0.0000037105 
9 7 16    0.0000220636    0.0000425571   -0.0000232258 
9 7 17   -0.0001960848   -0.0000983713    0.0000642915 
9 7 18   -0.0000846457   -0.0000514184    0.0000333596 
9 7 20    0.0001003220    0.0001549822   -0.0001136250 
9 7 21    0.0000943423    0.0001548357   -0.0001284348 
9 8 6    0.0003198460   -0.0008781080   -0.0008346160 
9 8 7    0.0000582697   -0.0001856281   -0.0001816856 
9 8 14   -0.0000284015   -0.0002165509   -0.0001222330 
9 8 15    0.0003756948    0.0002901135   -0.0002257602 
9 8 16    0.0017715856    0.0019435873   -0.0013024062 
9 9 6    0.0008024854   -0.0023926220   -0.0022837411 
9 9 7    0.0001446633   -0.0005092477   -0.0004998876 
9 9 13   -0.0000260911   -0.0000185745   -0.0000163556 
9 9 14   -0.0002668514   -0.0006219542   -0.0003804045 
9 9 15   -0.0000081225   -0.0000608400   -0.0000380500 
9 10 13   -0.0001441109   -0.0001026898   -0.0000861294 
9 10 14   -0.0011430276   -0.0007995651   -0.0005812512 
9 14 1   -0.0001007347   -0.0000573060   -0.0002197914 
9 14 2   -0.0000131269   -0.0000145311   -0.0000286584 
9 14 20   -0.0000388339   -0.0000200510   -0.0000004043 
9 14 21   -0.0001173766   -0.0000608265   -0.0000059710 
9 15 1   -0.0001286398   -0.0001017393   -0.0002812500 
9 15 2   -0.0000165718   -0.0000213783   -0.0000364777 
9 15 20   -0.0007397027   -0.0003725724    0.0002135471 
9 15 21   -0.0022380839   -0.0011402108    0.0005612827 
9 17 11    0.0000288600    0.0000443509   -0.0000247634 
9 17 12    0.0000049673    0.0000077394   -0.0000043170 
9 18 11    0.0008015910    0.0012792962   -0.0006626177 
9 18 12    0.0001362860    0.0002237426   -0.0001158730 
9 18 17   -0.0011965980   -0.0001674244   -0.0024260819 
9 18 18   -0.0014407140   -0.0003057494   -0.0029034701 
9 19 17   -0.0000649501    0.0000120878   -0.0001399158 
9 19 18   -0.0000783200    0.0000072752   -0.0001675238 
10 2 2   -0.0002175818    0.0000843991    0.0000782672 
10 2 3   -0.0000436705    0.0000177511    0.0000150835 
10 3 2   -0.0003581860    0.0001424930    0.0001305504 
10 3 3   -0.0000719759    0.0000299202    0.0000252334 
10 3 5    0.0010078832   -0.0000026669    0.0003300310 
10 3 6    0.0008490358   -0.0000400805    0.0001521309 
10 4 5    0.0024063821   -0.0000158187    0.0007793810 
10 4 6    0.0020285652   -0.0001031009    0.0003564804 
10 5 1    0.0001330364   -0.0000719516   -0.0001126397 
10 5 2    0.0000639532   -0.0000492411   -0.0000572876 
10 6 1    0.0003393431   -0.0003679982   -0.0003100705 
10 6 2    0.0001598277   -0.0002324081   -0.0001601478 
10 6 7    0.0000095101    0.0010370805   -0.0018496755 
10 6 8   -0.0000186388    0.0018461874   -0.0033998955 
10 6 20    0.0007412387    0.0012254325   -0.0009759704 
10 6 21    0.0007080161    0.0012319645   -0.0010960868 
10 7 7   -0.0000041385    0.0000726414   -0.0001683790 
10 7 8   -0.0000105229    0.0001280011   -0.0003114755 
10 7 15    0.0000005956    0.0000011191   -0.0000005358 
10 7 16    0.0000030034    0.0000059005   -0.0000033508 
10 7 20    0.0001656572    0.0002703203   -0.0002256669 
10 7 21    0.0001588097    0.0002721447   -0.0002535952 
10 8 15    0.0000506894    0.0000453420   -0.0000301386 
10 8 16    0.0002381499    0.0002751131   -0.0001880834 
10 9 8    0.0000033557   -0.0000060924   -0.0000210002 
10 9 9    0.0000003168   -0.0000009806   -0.0000026147 
10 9 19    0.0000739587   -0.0000383495    0.0000297130 
10 9 20    0.0000488139   -0.0000254538    0.0000201483 
10 10 8    0.0000041735   -0.0000138520   -0.0000340944 
10 10 9    0.0000003984   -0.0000019867   -0.0000041732 
10 10 19   -0.0000020050    0.0000031550   -0.0000005746 
10 10 20   -0.0000014871    0.0000022694   -0.0000004155 
10 11 19   -0.0000956994    0.0000651456    0.0000143527 
10 11 20   -0.0000664853    0.0000463427    0.0000093639 
10 14 20   -0.0000009607   -0.0000002748    0.0000005687 
10 14 21   -0.0000029189   -0.0000008574    0.0000016330 
10 15 20   -0.0000170562   -0.0000041774    0.0000154872 
10 15 21   -0.0000518366   -0.0000133389    0.0000451451 
10 17 8   -0.0000690019    0.0002151165   -0.0002587308 
10 17 9   -0.0000889653    0.0003377104   -0.0003817508 
10 17 15   -0.0001604344   -0.0003026480    0.0001906328 
10 17 16   -0.0000192344   -0.0000348356    0.0000225792 
10 18 8   -0.0002468942    0.0007637861   -0.0009137247 
10 18 9   -0.0003194928    0.0011997876   -0.0013473414 
10 18 15   -0.0001691492   -0.0002490195    0.0001866020 
10 18 16   -0.0000200482   -0.0000287192    0.0000219734 
10 18 17   -0.0000118178   -0.0000008806   -0.0000196849 
10 18 18   -0.0000141424   -0.0000018225   -0.0000235347 
10 19 3   -0.0000962097    0.0000324314    0.0000155901 
10 19 4   -0.0010582866    0.0002894542    0.0000271107 
10 19 17   -0.0000006720    0.0000001037   -0.0000011516 
10 19 18   -0.0000008045    0.0000000717   -0.0000013772 
10 20 3   -0.0000246094    0.0000083588    0.0000045523 
10 20 4   -0.0002693245    0.0000741396    0.0000111789 
11 2 2   -0.0017318451    0.0007191211    0.0006114870 
11 2 3   -0.0003480982    0.0001506509    0.0001181815 
11 3 2   -0.0028563282    0.0012107954    0.0010246686 
11 3 3   -0.0005747754    0.0002533159    0.0001986230 
11 3 5    0.0001113890   -0.0000026766    0.0000260630 
11 3 6    0.0000967200   -0.0000064476    0.0000074950 
11 3 12   -0.0012951003   -0.0014329633   -0.0028676167 
11 3 13   -0.0009316489   -0.0010203768   -0.0020117010 
11 4 5    0.0002660616   -0.0000073931    0.0000613116 
11 4 6    0.0002311675   -0.0000161918    0.0000171562 
11 4 12   -0.0003915755   -0.0004133146   -0.0007398365 
11 4 13   -0.0002807099   -0.0002941414   -0.0005195956 
11 9 8    0.0000634531   -0.0006921725   -0.0008724807 
11 9 9    0.0000066630   -0.0000890824   -0.0001052918 
11 9 19    0.0015970125   -0.0008585131    0.0006214459 
11 9 20    0.0010543065   -0.0005696482    0.0004224175 
11 10 8    0.0000914831   -0.0012609187   -0.0013969799 
11 10 9    0.0000102464   -0.0001596161   -0.0001675451 
11 10 19   -0.0000442575    0.0000668695   -0.0000115677 
11 10 20   -0.0000326474    0.0000481303   -0.0000082437 
11 11 19   -0.0021540227    0.0013996800    0.0003475302 
11 11 20   -0.0014940466    0.0009953855    0.0002294568 
11 14 20   -0.0000032012    0.0000289789   -0.0000446100 
11 14 21   -0.0000094561    0.0000900241   -0.0001386711 
11 15 20   -0.0000239217    0.0003805370   -0.0005890748 
11 15 21   -0.0000679031    0.0011822990   -0.0018313715 
11 17 8   -0.0000932743    0.0002468429   -0.0003176960 
11 17 9   -0.0001218278    0.0003835002   -0.0004687125 
11 17 15   -0.0011099092   -0.0014060919    0.0011748411 
11 17 16   -0.0001307678   -0.0001623569    0.0001378830 
11 18 8   -0.0003329195    0.0008759087   -0.0011225471 
11 18 9   -0.0004359801    0.0013616407   -0.0016552420 
11 18 15   -0.0010771654   -0.0011665290    0.0011003946 
11 18 16   -0.0001262972   -0.0001349569    0.0001287699 
11 19 3   -0.0002961589    0.0001004534    0.0000493894 
11 19 4   -0.0032498780    0.0008919425    0.0000902243 
11 20 3   -0.0000757933    0.0000259052    0.0000144078 
11 20 4   -0.0008274613    0.0002286155    0.0000364363 
12 3 12   -0.0003090528   -0.0003301366   -0.0006211289 
12 3 13   -0.0002218287   -0.0002349947   -0.0004360394 
12 4 12   -0.0000926720   -0.0000951322   -0.0001607070 
12 4 13   -0.0000663244   -0.0000676820   -0.0001129427 
12 7 16   -0.0000265248   -0.0000362196    0.0001604159 
12 7 17   -0.0000013344   -0.0000063269    0.0000210800 
12 8 16    0.0000046044   -0.0000247784    0.0000542249 
12 8 17    0.0000020003   -0.0000041780    0.0000066626 
12 9 5   -0.0000110112    0.0006011925    0.0005624401 
12 9 6   -0.0000080107    0.0002666439    0.0002570980 
12 10 5   -0.0000001542    0.0000356258    0.0000321625 
12 10 6   -0.0000002902    0.0000158568    0.0000148373 
13 3 12   -0.0001019822   -0.0010854801    0.0004495245 
13 3 13   -0.0000809366   -0.0008810068    0.0003630016 
13 4 12   -0.0000020622   -0.0001172662    0.0000534483 
13 4 13   -0.0000014589   -0.0000952538    0.0000432194 
13 5 13   -0.0005382445    0.0002724591   -0.0000540478 
13 5 14   -0.0000251424    0.0000117962   -0.0000027885 
13 6 6    0.0002463420    0.0000074639   -0.0000182789 
13 6 7    0.0040309185    0.0007087845   -0.0003610671 
13 6 13   -0.0018277374    0.0008507083   -0.0000372685 
13 6 14   -0.0000854722    0.0000366839   -0.0000030419 
13 7 6    0.0000717289    0.0000027033   -0.0000048376 
13 7 7    0.0011790627    0.0002171075   -0.0000997976 
13 7 16   -0.0001672139   -0.0001523930    0.0007666881 
13 7 17   -0.0000133871   -0.0000268670    0.0001017439 
13 8 16   -0.0000015223   -0.0001067767    0.0002644841 
13 8 17    0.0000055524   -0.0000180789    0.0000331377 
13 8 19    0.0000128355   -0.0001049943    0.0000421044 
13 8 20    0.0000460824   -0.0003370610    0.0001412402 
13 9 5   -0.0000288563    0.0032958849    0.0029318893 
13 9 6   -0.0000299223    0.0014592184    0.0013428840 
13 9 19    0.0000120829   -0.0001306960    0.0000472276 
13 9 20    0.0000435791   -0.0004173804    0.0001569030 
13 10 5    0.0000018327    0.0001938962    0.0001644293 
13 10 6   -0.0000004330    0.0000862002    0.0000762073 
13 11 6    0.0004137645   -0.0002856227   -0.0003001561 
13 11 7    0.0002768234   -0.0001889349   -0.0002014972 
13 11 8   -0.0000502688    0.0000551070    0.0003452944 
13 11 9   -0.0001646860    0.0001499152    0.0009484199 
13 12 6    0.0017404490   -0.0012139607   -0.0012542724 
13 12 7    0.0011635625   -0.0008029757   -0.0008409808 
13 12 8   -0.0001503443    0.0002212031    0.0020362576 
13 12 9   -0.0005955146    0.0006394746    0.0055359761 
14 3 12   -0.0002933944   -0.0020840328    0.0008137171 
14 3 13   -0.0002347906   -0.0016906379    0.0006564426 
14 4 12   -0.0000144163   -0.0002207345    0.0000955116 
14 4 13   -0.0000113165   -0.0001792026    0.0000771523 
14 5 13   -0.0001857692    0.0000977822   -0.0000303936 
14 5 14   -0.0000086674    0.0000042435   -0.0000014802 
14 6 6    0.0001301299    0.0000010956   -0.0000110014 
14 6 7    0.0021099552    0.0003187816   -0.0002003755 
14 6 13   -0.0006295538    0.0003069914   -0.0000527877 
14 6 14   -0.0000294016    0.0000132857   -0.0000028154 
14 7 6    0.0000378498    0.0000005942   -0.0000029096 
14 7 7    0.0006165372    0.0000983032   -0.0000550712 
14 8 4    0.0000030901    0.0000001191    0.0000000715 
14 8 5    0.0000077037    0.0000010649   -0.0000006013 
14 8 19    0.0000732200   -0.0005368145    0.0002275177 
14 8 20    0.0002633863   -0.0017294573    0.0007675417 
14 9 4    0.0000160448   -0.0000004974    0.0000007069 
14 9 5    0.0000406504    0.0000020772   -0.0000015561 
14 9 19    0.0000688642   -0.0006640678    0.0002524712 
14 9 20    0.0002494070   -0.0021280302    0.0008443462 
14 11 6    0.0003561983   -0.0002510134   -0.0002600685 
14 11 7    0.0002383346   -0.0001657662   -0.0001745926 
14 11 8   -0.0000023773    0.0000036933    0.0000248717 
14 11 9   -0.0000085677    0.0000104902    0.0000674736 
14 12 6    0.0014982623   -0.0010668856   -0.0010867401 
14 12 7    0.0010017495   -0.0007045259   -0.0007286753 
14 12 8   -0.0000020148    0.0000124748    0.0001492932 
14 12 9    0.0000388468    0.0001137650    0.0004088162 
14 12 10    0.0000118843    0.0000144661    0.0000005331 
14 13 9    0.0005335868    0.0007273154    0.0001606771 
14 13 10    0.0001076843    0.0001416748    0.0000230026 
14 15 2    0.0000444260    0.0000244102    0.0000009259 
14 15 3    0.0003785599    0.0002332868   -0.0000112114 
14 16 2    0.0001578000    0.0000875879    0.0000043195 
14 16 3    0.0013412281    0.0008449657   -0.0000398138 
14 16 12    0.0000230896   -0.0000322048   -0.0001663757 
14 16 13    0.0002467217   -0.0003828259   -0.0015798546 
14 16 17   -0.0011623323    0.0001692688    0.0002627522 
14 16 18   -0.0001125573    0.0000228291    0.0000312734 
14 17 12    0.0000276142   -0.0000413366   -0.0002151123 
14 17 13    0.0002965685   -0.0004926359   -0.0020399465 
14 17 17   -0.0000406064   -0.0000180437   -0.0000145018 
14 17 18   -0.0000039216   -0.0000016648   -0.0000013200 
15 5 4   -0.0000933430    0.0001307368   -0.0000049697 
15 5 5   -0.0000367538    0.0000572096   -0.0000094740 
15 5 9   -0.0001234019   -0.0000666608   -0.0001699185 
15 5 10   -0.0002744937   -0.0001529460   -0.0003994462 
15 6 4   -0.0000379772    0.0000543857   -0.0000035869 
15 6 5   -0.0000149136    0.0000238568   -0.0000046475 
15 6 9   -0.0002485150   -0.0001435684   -0.0002849706 
15 6 10   -0.0005560490   -0.0003398377   -0.0006761390 
15 8 4    0.0001300805    0.0000056061   -0.0000295496 
15 8 5    0.0002732059    0.0000588402   -0.0001656908 
15 8 18    0.0000844917   -0.0000783222   -0.0000956772 
15 8 19    0.0006457287   -0.0005859818   -0.0007601875 
15 9 4    0.0007110618   -0.0000365441   -0.0001025926 
15 9 5    0.0015829086    0.0001015819   -0.0006529422 
15 9 18    0.0000365288   -0.0000321600   -0.0000407316 
15 9 19    0.0002417046   -0.0002188254   -0.0002912702 
15 12 9    0.0001341251    0.0001726632    0.0000179660 
15 12 10    0.0000269936    0.0000336099    0.0000011382 
15 13 9    0.0012156197    0.0016922168    0.0003713093 
15 13 10    0.0002451084    0.0003294996    0.0000528974 
15 15 2    0.0000237832    0.0000132655    0.0000003478 
15 15 3    0.0002027187    0.0001263538   -0.0000070058 
15 16 2    0.0000844750    0.0000475607    0.0000018150 
15 16 3    0.0007182396    0.0004572055   -0.0000245445 
15 16 12    0.0000215382   -0.0000314931   -0.0001731098 
15 16 13    0.0002323468   -0.0003809067   -0.0016392131 
15 16 17   -0.0010411306    0.0001572945    0.0002398153 
15 16 18   -0.0001008355    0.0000209959    0.0000284424 
15 17 12    0.0000091075   -0.0000434101   -0.0001959148 
15 17 13   -0.0001407563   -0.0005743133   -0.0014202686 
15 17 17   -0.0000363123   -0.0000159471   -0.0000128198 
15 17 18   -0.0000035073   -0.0000014703   -0.0000011659 
15 18 12   -0.0000493533   -0.0000093118    0.0000828845 
15 18 13   -0.0012489350   -0.0002564941    0.0020660164 
15 19 19   -0.0001818860   -0.0007564846   -0.0000689185 
15 19 20   -0.0002916813   -0.0011418626   -0.0001200937 
15 20 19   -0.0000087648   -0.0001813305   -0.0000227035 
15 20 20   -0.0000231066   -0.0002742612   -0.0000380487 
16 1 9    0.0048716652    0.0002792376   -0.0000634407 
16 1 10    0.0014692396    0.0000678219    0.0000105362 
16 1 17    0.0004024646   -0.0019739908   -0.0008842955 
16 1 18    0.0002189709   -0.0017526402   -0.0007764503 
16 1 20    0.0010583120   -0.0009354074    0.0000990507 
16 1 21    0.0007401038   -0.0006485551    0.0000642527 
16 2 9    0.0002712332    0.0000262011   -0.0000321436 
16 2 10    0.0004264750    0.0006545094    0.0009722965 
16 2 11    0.0001796965    0.0003204419    0.0004992434 
16 2 17    0.0003020709   -0.0014907823   -0.0006556188 
16 2 18    0.0001654367   -0.0013229086   -0.0005753453 
16 2 20    0.0011013140   -0.0009909987    0.0000797890 
16 2 21    0.0007703116   -0.0006870120    0.0000506151 
16 3 10    0.0000633150    0.0001183742    0.0001804854 
16 3 11    0.0000329962    0.0000585389    0.0000919373 
16 4 15   -0.0000976583    0.0004394631    0.0002214116 
16 4 16   -0.0000750296    0.0003190531    0.0001553148 
16 5 4   -0.0018955609    0.0023459130    0.0001579958 
16 5 5   -0.0007568575    0.0010157984   -0.0000561656 
16 5 9   -0.0000279163   -0.0000149627   -0.0000235653 
16 5 10   -0.0000629008   -0.0000372794   -0.0000571038 
16 5 15   -0.0006259621    0.0026837635    0.0013229987 
16 5 16   -0.0004800580    0.0019488297    0.0009271689 
16 6 4   -0.0007734873    0.0009733290    0.0000402355 
16 6 5   -0.0003082928    0.0004224057   -0.0000350714 
16 6 9   -0.0000537919   -0.0000246744   -0.0000366702 
16 6 10   -0.0001216727   -0.0000652329   -0.0000911597 
16 8 18    0.0000134169   -0.0000139242   -0.0000165657 
16 8 19    0.0001249163   -0.0001168738   -0.0001497585 
16 9 18    0.0000072208   -0.0000064987   -0.0000080936 
16 9 19    0.0000510405   -0.0000461152   -0.0000604622 
16 14 4   -0.0001531014    0.0001815164   -0.0000606565 
16 14 5   -0.0011909124    0.0010483890   -0.0008553700 
16 15 4   -0.0000525459    0.0000743603   -0.0000085791 
16 15 5   -0.0004048230    0.0004167376   -0.0002197194 
16 17 12    0.0000004033    0.0000004825    0.0000003401 
16 17 13    0.0000150241    0.0000168237    0.0000089393 
16 18 12    0.0000012479    0.0000014819    0.0000010198 
16 18 13    0.0000464924    0.0000518094    0.0000269382 
16 19 19   -0.0000302941   -0.0000568727   -0.0000035079 
16 19 20   -0.0000443955   -0.0000856134   -0.0000065276 
16 20 19   -0.0000074061   -0.0000134385   -0.0000007578 
16 20 20   -0.0000109254   -0.0000202908   -0.0000015113 
17 1 9    0.0025261559    0.0001196118   -0.0000040042 
17 1 10    0.0007629929    0.0000273751    0.0000139711 
17 1 17    0.0000580207   -0.0003586980   -0.0001598681 
17 1 18    0.0000267234   -0.0003194749   -0.0001415869 
17 1 20    0.0002472317   -0.0002473158    0.0000146556 
17 1 21    0.0001731111   -0.0001713360    0.0000089971 
17 2 9    0.0001396929    0.0000122873   -0.0000148830 
17 2 10    0.0003492167    0.0005547797    0.0008601744 
17 2 11    0.0001590967    0.0002741481    0.0004399969 
17 2 17    0.0000436324   -0.0002708265   -0.0001184835 
17 2 18    0.0000203255   -0.0002410792   -0.0001048705 
17 2 20    0.0002571459   -0.0002620486    0.0000094793 
17 2 21    0.0001800897   -0.0001815217    0.0000053343 
17 3 10    0.0000564430    0.0001007501    0.0001590496 
17 3 11    0.0000292595    0.0000500408    0.0000810184 
17 4 15   -0.0000211441    0.0000614322    0.0000251617 
17 4 16   -0.0000161998    0.0000448537    0.0000173256 
17 4 17   -0.0000317395    0.0000205481    0.0000010117 
17 4 18   -0.0000729040    0.0000503701   -0.0000012128 
17 5 3    0.0002160961    0.0003163290    0.0003288500 
17 5 4    0.0001754823    0.0002612183    0.0002662329 
17 5 15   -0.0001340898    0.0003757535    0.0001490060 
17 5 16   -0.0001026255    0.0002744216    0.0001023779 
17 5 17   -0.0002349641    0.0001183222    0.0000280940 
17 5 18   -0.0005374357    0.0002997000    0.0000369871 
17 6 3    0.0000146811    0.0000207058    0.0000225680 
17 6 4    0.0000118920    0.0000170605    0.0000182117 
17 14 4   -0.0000584625    0.0000691317   -0.0000227163 
17 14 5   -0.0004540220    0.0003988749   -0.0003224208 
17 15 4   -0.0000200872    0.0000283338   -0.0000031459 
17 15 5   -0.0001544862    0.0001586652   -0.0000826071 
17 15 16   -0.0000860205   -0.0000317386   -0.0000378053 
17 15 17   -0.0004766269   -0.0001559865   -0.0002165298 
17 16 16   -0.0000155679   -0.0000068704   -0.0000067391 
17 16 17   -0.0000855835   -0.0000343130   -0.0000385896 
17 17 12    0.0000479591    0.0000285855   -0.0000061471 
17 17 13    0.0015396008    0.0009911265   -0.0001550060 
17 18 12    0.0001454693    0.0000876283   -0.0000177292 
17 18 13    0.0046811854    0.0030439705   -0.0004405403 
17 19 12    0.0000019257   -0.0000018372    0.0000006550 
17 19 13    0.0000252717   -0.0000252456    0.0000082991 
17 20 12    0.0000055598   -0.0000089855    0.0000043884 
17 20 13    0.0000669850   -0.0001224264    0.0000586821 
18 4 17   -0.0001416073    0.0000820191    0.0000135656 
18 4 18   -0.0003241787    0.0002033364    0.0000149146 
18 5 3    0.0010383047    0.0014386247    0.0016168179 
18 5 4    0.0008383225    0.0011806988    0.0012997046 
18 5 15    0.0012321931    0.0000219848   -0.0002592375 
18 5 16    0.0006045091    0.0000119885   -0.0001267301 
18 5 17   -0.0010552977    0.0004438545    0.0001956592 
18 5 18   -0.0024052676    0.0011534277    0.0003222239 
18 6 3    0.0000711591    0.0000958174    0.0001127529 
18 6 4    0.0000573320    0.0000784241    0.0000903737 
18 6 15    0.0012014788    0.0000240539   -0.0002456830 
18 6 16    0.0005895297    0.0000129560   -0.0001203913 
18 11 16    0.0000164725   -0.0000393309   -0.0000414228 
18 11 17    0.0000068241   -0.0000181197   -0.0000168917 
18 12 16    0.0005009929   -0.0006367910   -0.0014583868 
18 12 17    0.0002085846   -0.0003197331   -0.0005914581 
18 15 16   -0.0005221297   -0.0002272289   -0.0002192263 
18 15 17   -0.0028661262   -0.0011340978   -0.0012553899 
18 16 16   -0.0000955935   -0.0000481809   -0.0000391104 
18 16 17   -0.0005204194   -0.0002431158   -0.0002239318 
18 19 12    0.0000118884   -0.0000197814    0.0000098143 
18 19 13    0.0001349067   -0.0002624341    0.0001293838 
18 20 12    0.0000249640   -0.0000903810    0.0000555819 
18 20 13    0.0001709573   -0.0011771465    0.0007510084 
19 1 15   -0.0001977724   -0.0000241360   -0.0000168706 
19 1 16   -0.0002591507   -0.0000291629   -0.0000313817 
19 2 15   -0.0019582083   -0.0002858742   -0.0001150552 
19 2 16   -0.0025618693   -0.0003467262   -0.0002446799 
19 5 15    0.0010066303    0.0000187656   -0.0002143012 
19 5 16    0.0004939594    0.0000101771   -0.0001048750 
19 6 15    0.0009818058    0.0000204126   -0.0002034604 
19 6 16    0.0004818492    0.0000109465   -0.0000998052 
19 11 16    0.0000025715   -0.0000058486   -0.0000068780 
19 11 17    0.0000010666   -0.0000027207   -0.0000028025 
19 12 16   -0.0000591122    0.0000277917   -0.0002046825 
19 12 17   -0.0004476747    0.0003647722    0.0000357846 
19 13 16   -0.0000545829    0.0000394106    0.0000114154 
19 13 17   -0.0001915278    0.0001408706    0.0000397499 
19 15 2   -0.0000016357   -0.0000433409    0.0000430925 
19 15 3   -0.0000025874   -0.0000847853    0.0000834060 
19 15 7   -0.0000015912   -0.0000353329    0.0000138533 
19 15 8   -0.0001300062   -0.0006331524    0.0001656502 
19 16 2   -0.0000016624   -0.0000957989    0.0001191169 
19 16 3   -0.0000017646   -0.0001874829    0.0002308841 
19 16 7   -0.0000024131   -0.0000516611    0.0000195911 
19 16 8   -0.0001921207   -0.0009279063    0.0002318227 
19 18 13    0.0013402810   -0.0008332492    0.0001375148 
19 18 14    0.0005179627   -0.0003230132    0.0000506401 
19 19 13    0.0025063382   -0.0015179316    0.0002314617 
19 19 14    0.0009686490   -0.0005884292    0.0000847672 
19 20 2    0.0000535636    0.0000180560   -0.0000252147 
19 20 3    0.0000132346    0.0000484047    0.0000047939 
19 21 2    0.0000556157    0.0000560985   -0.0000172256 
19 21 3   -0.0000084945    0.0001043520    0.0000310205 
20 1 13    0.0009312597    0.0012262838    0.0016458206 
20 1 14    0.0008339057    0.0011045477    0.0014461085 
20 1 15   -0.0000197421   -0.0000018027   -0.0000036741 
20 1 16   -0.0000261122   -0.0000022619   -0.0000056693 
20 2 4    0.0001592221   -0.0002266799   -0.0002647309 
20 2 5    0.0001328861   -0.0001843411   -0.0002151831 
20 2 13    0.0002969002    0.0003849168    0.0005164991 
20 2 14    0.0002666328    0.0003461276    0.0004531599 
20 2 15   -0.0001945228   -0.0000216884   -0.0000318564 
20 2 16   -0.0002568994   -0.0000271329   -0.0000502981 
20 3 4    0.0002646845   -0.0004826423   -0.0005590345 
20 3 5    0.0002215297   -0.0003922587   -0.0004535416 
20 3 14   -0.0000047401   -0.0000095096   -0.0000111674 
20 3 15   -0.0000066249   -0.0000129471   -0.0000152450 
20 4 14   -0.0000224620   -0.0001117650   -0.0001332503 
20 4 15   -0.0000319192   -0.0001521590   -0.0001819309 
20 12 16   -0.0005502890    0.0004608501    0.0001554848 
20 12 17   -0.0019332053    0.0016543275    0.0005489823 
20 13 16   -0.0002192202    0.0001580781    0.0000462275 
20 13 17   -0.0007695268    0.0005656889    0.0001613451 
20 15 2   -0.0000192516   -0.0001874506    0.0001201712 
20 15 3   -0.0000353903   -0.0003664177    0.0002317513 
20 15 7   -0.0000032098   -0.0000847778    0.0000360071 
20 15 8   -0.0002601374   -0.0015489942    0.0004532597 
20 16 2   -0.0000400597   -0.0004201782    0.0003427876 
20 16 3   -0.0000728479   -0.0008215374    0.0006625690 
20 16 5   -0.0002521049    0.0002331212    0.0002467940 
20 16 6   -0.0009671068    0.0008807176    0.0009854159 
20 16 7   -0.0000049127   -0.0001238996    0.0000509469 
20 16 8   -0.0003851359   -0.0022687258    0.0006361721 
20 17 5   -0.0005798776    0.0005314352    0.0005186923 
20 17 6   -0.0022136498    0.0020045674    0.0020661710 
20 18 13    0.0003796801   -0.0002493246    0.0000408288 
20 18 14    0.0001467274   -0.0000966587    0.0000150678 
20 19 13    0.0007103642   -0.0004540906    0.0000686652 
20 19 14    0.0002745363   -0.0001760413    0.0000252059 
20 19 18   -0.0008665361   -0.0008912580   -0.0011760433 
20 19 19   -0.0010262663   -0.0010689880   -0.0014228997 
20 20 2    0.0000009700    0.0000059306    0.0000000458 
20 20 3   -0.0000033933    0.0000093175    0.0000034806 
20 20 10   -0.0000220028    0.0000711508    0.0001882333 
20 20 11   -0.0000271450    0.0000752151    0.0001654559 
20 20 18   -0.0002867132   -0.0003004251   -0.0003720534 
20 20 19   -0.0003398497   -0.0003602214   -0.0004502803 
20 21 2   -0.0000022434    0.0000129366    0.0000030355 
20 21 3   -0.0000091710    0.0000183142    0.0000085559 
20 21 10    0.0001075510    0.0003285901    0.0017798158 
20 21 11    0.0000114833    0.0003958500    0.0015523309 
21 1 13    0.0001871788    0.0002544989    0.0003348849 
21 1 14    0.0001685533    0.0002290142    0.0002936274 
21 2 4    0.0003088646   -0.0004179403   -0.0004855270 
21 2 5    0.0002576574   -0.0003399602   -0.0003948913 
21 2 13    0.0000597917    0.0000798113    0.0001049991 
21 2 14    0.0000540244    0.0000716804    0.0000919089 
21 3 4    0.0005153091   -0.0008880142   -0.0010214733 
21 3 5    0.0004309922   -0.0007218718   -0.0008292115 
21 3 14   -0.0000593443   -0.0000946680   -0.0001091482 
21 3 15   -0.0000827310   -0.0001288967   -0.0001489903 
21 4 14   -0.0003309628   -0.0011133985   -0.0013076736 
21 4 15   -0.0004659065   -0.0015159561   -0.0017853610 
21 16 5   -0.0000725512    0.0000669788    0.0000728959 
21 16 6   -0.0002787872    0.0002531931    0.0002912968 
21 17 5   -0.0001662830    0.0001524256    0.0001529476 
21 17 6   -0.0006358959    0.0005753332    0.0006099077 
21 19 18   -0.0000784504   -0.0000851286   -0.0000872745 
21 19 19   -0.0000931740   -0.0001019938   -0.0001057692 
21 20 10   -0.0000119873    0.0000336824    0.0000856306 
21 20 11   -0.0000140402    0.0000353928    0.0000753154 
21 20 18   -0.0000259850   -0.0000285485   -0.0000275690 
21 20 19   -0.0000308824   -0.0000341974   -0.0000334249 
21 21 10    0.0000282245    0.0001616859    0.0008082370 
21 21 11   -0.0000123217    0.0001908602    0.0007053636 
